	1	5.939624570816428E-5	0	0.999940603754292
	1	1.495848420370457E-4	0	0.9998504151579629
	1	1.3358056012667557E-4	0	0.9998664194398732
	1	0.0020832096035684608	0	0.9979167903964316
	1	0.9842324297076495	0	0.015767570292350614
	1	4.2781511004093074E-5	0	0.9999572184889959
	1	0.9911548622748699	0	0.008845137725130008
	1	0.9990910262587195	0	9.089737412805704E-4
	1	0.995976797428556	0	0.00402320257144398
	1	9.865158479881654E-6	0	0.99999013484152
	1	0.9764570313810556	0	0.023542968618944476
	1	4.130368384766782E-4	0	0.9995869631615233
	1	7.033984340188172E-5	0	0.9999296601565982
	1	8.299880442315657E-6	0	0.9999917001195576
	1	0.9878321500661078	0	0.012167849933892264
	1	3.267371305154856E-4	0	0.9996732628694847
	1	7.249715160015626E-5	0	0.9999275028483997
	1	0.01734403903091013	0	0.9826559609690899
	1	0.009443597461339184	0	0.9905564025386607
	1	8.982717322263222E-5	0	0.9999101728267773
	1	1.732464598660508E-5	0	0.9999826753540133
	1	1.162387083515298E-5	0	0.9999883761291648
	1	0.9968543624089001	0	0.0031456375910999413
	1	5.3262731428244834E-5	0	0.9999467372685718
	1	0.0053616946697238235	0	0.9946383053302761
	1	0.9862852565924725	0	0.013714743407527588
	1	1.7003988840110864E-5	0	0.99998299601116
	1	0.001826744525509459	0	0.9981732554744905
	1	1.7195556463732322E-5	0	0.9999828044435363
	1	0.02999248782999099	0	0.970007512170009
	1	0.001082837590872825	0	0.9989171624091271
	1	0.0012957456636494642	0	0.9987042543363505
	1	2.7288176552851532E-5	0	0.999972711823447
	1	0.10597858972938416	0	0.8940214102706159
	1	0.0033561805382417895	0	0.9966438194617583
	1	0.9994080367698033	0	5.919632301966488E-4
	1	0.9955031187109866	0	0.004496881289013298
	1	0.11165840724341121	0	0.8883415927565887
	1	4.64537302445248E-4	0	0.9995354626975547
	1	3.089669625715121E-5	0	0.9999691033037429
	1	8.033420833904237E-5	0	0.9999196657916609
	1	0.0018627946309529196	0	0.998137205369047
	1	0.0011215580687604476	0	0.9988784419312396
	1	3.850817576050814E-5	0	0.9999614918242394
	1	0.0012312298609003089	0	0.9987687701390997
	1	0.00221312655943919	0	0.9977868734405608
	1	0.0010870943951719642	0	0.9989129056048281
	1	0.99271961821917	0	0.007280381780829997
	1	3.439868678823584E-5	0	0.9999656013132117
	1	0.9926853413047199	0	0.007314658695280088
	1	0.014438507099940599	0	0.9855614929000593
	1	8.859892179718484E-4	0	0.9991140107820281
	1	0.9997864059899065	0	2.1359401009343114E-4
	1	4.672383008819717E-4	0	0.999532761699118
	1	0.06413538510277814	0	0.9358646148972217
	1	4.3340536248297274E-5	0	0.9999566594637518
	1	2.7157674312381117E-5	0	0.9999728423256877
	1	0.9944444801090703	0	0.005555519890929676
	1	0.9736330453249064	0	0.026366954675093725
	1	0.0011533818830561276	0	0.998846618116944
	1	0.65846444342961	0	0.34153555657039
	1	0.8827394020181026	0	0.11726059798189738
	1	0.003998832574471996	0	0.996001167425528
	1	0.9999438460581417	0	5.615394185834159E-5
	1	0.9781933243063337	0	0.0218066756936664
	1	9.170422125299525E-4	0	0.9990829577874701
	1	1.3674525279118865E-5	0	0.9999863254747209
	1	3.2546149596066683E-4	0	0.9996745385040394
	1	0.006451262420977714	0	0.9935487375790223
	1	0.01743479474805772	0	0.9825652052519424
	1	0.754181086729203	0	0.24581891327079688
	1	4.259399365500572E-4	0	0.9995740600634498
	1	0.7648544659031741	0	0.23514553409682587
	1	0.08497090697317602	0	0.9150290930268241
	1	0.002475378854759013	0	0.997524621145241
	1	0.977185873868489	0	0.022814126131511025
	1	2.9035581578676953E-5	0	0.9999709644184213
	1	0.9926853413047199	0	0.007314658695280088
	1	0.9945613520089949	0	0.00543864799100512
	1	7.660743717400486E-4	0	0.99923392562826
	1	0.007566079364008784	0	0.9924339206359913
	1	0.007029484383738255	0	0.9929705156162617
	1	8.765906910020452E-4	0	0.999123409308998
	1	0.002771680502347555	0	0.9972283194976524
	1	0.10746698491392101	0	0.892533015086079
	1	6.984633478337501E-4	0	0.9993015366521661
	1	0.007482277294453722	0	0.9925177227055463
	1	0.9913017838463641	0	0.00869821615363572
	1	0.008350400313613941	0	0.991649599686386
	1	0.011107550704523862	0	0.9888924492954763
	1	0.998826518330426	0	0.0011734816695739769
	1	8.019120367863372E-5	0	0.9999198087963214
	1	0.05847441055895151	0	0.9415255894410486
	1	0.001979136454747849	0	0.9980208635452521
	1	0.003875794309899758	0	0.9961242056901002
	1	5.752224917243772E-4	0	0.9994247775082755
	1	3.211551674711822E-4	0	0.9996788448325289
	1	0.002023093866338421	0	0.9979769061336615
	1	0.9593042244917358	0	0.040695775508264184
	1	8.432584870872025E-6	0	0.9999915674151292
	1	2.0731825838180123E-5	0	0.9999792681741617
	1	0.7313206508861567	0	0.26867934911384334
	1	2.419574651098234E-5	0	0.999975804253489
	1	0.9941587991804715	0	0.0058412008195285565
	1	0.9563793507906124	0	0.043620649209387574
	1	0.002544861980846179	0	0.9974551380191539
	1	0.9904559841184241	0	0.009544015881575907
	1	8.705989892910826E-6	0	0.999991294010107
	1	0.0016086573286918013	0	0.9983913426713081
	1	0.9708124648831594	0	0.029187535116840524
	1	1.5514154351822213E-4	0	0.9998448584564819
	1	0.01758040454012909	0	0.9824195954598709
	1	0.0016059323202102349	0	0.9983940676797898
	1	0.9994500240092526	0	5.499759907473849E-4
	1	0.23445594189459446	0	0.7655440581054055
	1	0.013954612568898744	0	0.9860453874311013
	1	0.10809543585037112	0	0.8919045641496289
	1	0.7876812930548304	0	0.2123187069451697
	1	0.017900025940337298	0	0.9820999740596627
	1	3.932235642120638E-4	0	0.9996067764357879
	1	0.010136068374761675	0	0.9898639316252383
	1	0.005136522170385862	0	0.9948634778296142
	1	0.5384008240978199	0	0.46159917590218014
	1	0.0017840706710784407	0	0.9982159293289216
	1	0.052220537683470084	0	0.9477794623165299
	1	0.9788460594291418	0	0.02115394057085807
	1	0.9995151308370617	0	4.8486916293831076E-4
	1	0.0016361754312773907	0	0.9983638245687225
	1	0.8889789327016602	0	0.11102106729833976
	1	0.003210546319741145	0	0.996789453680259
	1	0.002215890518679761	0	0.9977841094813202
	1	0.9923982452876488	0	0.007601754712351102
	1	0.9757557670825968	0	0.024244232917403134
	1	0.0183640134778383	0	0.9816359865221617
	1	0.6040959031091387	0	0.3959040968908613
	1	0.9984929626283795	0	0.001507037371620444
	1	0.5628707966884567	0	0.43712920331154326
	1	0.030076817205321033	0	0.969923182794679
	1	5.885763936754947E-6	0	0.9999941142360632
	1	0.04015575263067155	0	0.9598442473693285
	1	0.9984321543836513	0	0.0015678456163486611
	1	0.03786232781171037	0	0.9621376721882896
	1	0.009289633742175635	0	0.9907103662578244
	1	0.0016190139978347628	0	0.9983809860021652
	1	0.9795640970168565	0	0.020435902983143385
	1	2.1449628491278762E-4	0	0.9997855037150871
	1	0.8992308650040969	0	0.10076913499590308
	1	0.002226717708581209	0	0.9977732822914187
	1	0.9395288112874703	0	0.06047118871252974
	1	0.0014699878378481878	0	0.9985300121621519
	1	0.039670246028934625	0	0.9603297539710655
	1	0.9998125953163431	0	1.874046836568524E-4
	1	0.9999863389171567	0	1.3661082843334401E-5
	1	1.6405586812039626E-4	0	0.9998359441318795
	1	0.0019173649432453444	0	0.9980826350567548
	1	7.471943455446237E-6	0	0.9999925280565446
	1	0.998181952946813	0	0.00181804705318701
	1	0.005320358434437441	0	0.9946796415655625
	1	1.1172287430854516E-5	0	0.9999888277125691
	1	0.01982001995418999	0	0.9801799800458101
	1	2.3187196058004443E-5	0	0.999976812803942
	1	4.967846197169786E-5	0	0.9999503215380283
	1	0.004303522590123176	0	0.9956964774098769
	1	7.269643139427866E-4	0	0.9992730356860571
	1	2.044829487544022E-4	0	0.9997955170512456
	1	1.7735520622720805E-4	0	0.9998226447937727
	1	0.9939269399600452	0	0.006073060039954733
	1	6.193721347489434E-4	0	0.9993806278652511
	1	2.8708265464841326E-5	0	0.9999712917345353
	1	6.729332010678014E-4	0	0.9993270667989322
	1	0.06031175997888541	0	0.9396882400211146
	1	0.01742998451751718	0	0.9825700154824829
	1	0.999368704137015	0	6.312958629849615E-4
	1	0.0020409860949684114	0	0.9979590139050315
	1	2.4193982611173153E-4	0	0.9997580601738884
	1	0.9909195006217327	0	0.009080499378267298
	1	2.618234354568468E-4	0	0.9997381765645431
	1	2.1803978760165476E-5	0	0.9999781960212398
	1	0.7871809502814383	0	0.21281904971856155
	1	3.872424634452588E-4	0	0.9996127575365547
	1	0.9723841603565544	0	0.02761583964344545
	1	0.029985277166570096	0	0.9700147228334299
	1	0.9997975836420641	0	2.0241635793594325E-4
	1	1.7138445826442073E-4	0	0.9998286155417355
	1	0.9827626482116362	0	0.01723735178836379
	1	0.006170492634140673	0	0.9938295073658593
	1	7.101155774503247E-4	0	0.9992898844225497
	1	1.5888701381430275E-5	0	0.9999841112986186
	1	1.3783862006437865E-5	0	0.9999862161379937
	1	0.08618494265413096	0	0.9138150573458691
	1	0.0010456065459606423	0	0.9989543934540392
	1	7.742998433508054E-6	0	0.9999922570015665
	1	1.3919441293382561E-5	0	0.9999860805587067
	1	0.04478021405880566	0	0.9552197859411944
	1	2.555364638723777E-4	0	0.9997444635361276
	1	0.9976438708301222	0	0.0023561291698778464
	1	0.06481158229849626	0	0.9351884177015038
	1	2.1441675600836842E-4	0	0.9997855832439916
	1	0.021420852183965066	0	0.9785791478160349
	1	0.9999719358324589	0	2.8064167541086596E-5
	1	0.9995637716641722	0	4.3622833582783905E-4
	1	0.9819316989464766	0	0.018068301053523486
	1	0.0010809903031299465	0	0.99891900969687
	1	1.4612916072231905E-4	0	0.9998538708392777
	1	6.823909337806762E-4	0	0.9993176090662192
	1	3.9645483551707557E-5	0	0.9999603545164484
	1	2.1883515273873335E-4	0	0.9997811648472612
	1	1.3581391243670313E-4	0	0.9998641860875632
	1	0.9998704589888707	0	1.2954101112917774E-4
	1	0.8566517090059297	0	0.14334829099407018
	1	0.9986689763159768	0	0.0013310236840231879
	1	1.196550274528602E-5	0	0.9999880344972546
	1	0.05488162559734771	0	0.9451183744026523
	1	3.5795543598926604E-4	0	0.9996420445640107
	1	0.9913774313327699	0	0.008622568667230088
	1	2.289152714119148E-4	0	0.9997710847285881
	1	0.9788460594291418	0	0.02115394057085807
	1	0.9953023396523293	0	0.004697660347670734
	1	0.005185855384797565	0	0.9948141446152025
	1	0.033119113805337566	0	0.9668808861946625
	1	0.9998983511071784	0	1.0164889282167653E-4
	1	2.7559852776321806E-4	0	0.9997244014722368
	1	1.5966028208530734E-4	0	0.9998403397179146
	1	0.960776469629485	0	0.03922353037051507
	1	0.041627211505756254	0	0.9583727884942438
	1	0.9949994964347185	0	0.005000503565281368
	1	0.002096443531471942	0	0.997903556468528
	1	0.004262706667450001	0	0.99573729333255
	1	0.41204935760696154	0	0.5879506423930384
	1	1.5359459834656534E-5	0	0.9999846405401653
	1	2.6683836428065856E-5	0	0.9999733161635719
	1	0.5363810644796587	0	0.4636189355203413
	1	0.005068223321391619	0	0.9949317766786084
	1	0.8163270035793139	0	0.18367299642068605
	1	0.9999640529290492	0	3.594707095076529E-5
	1	0.028361349216863164	0	0.9716386507831369
	1	0.008125540542053378	0	0.9918744594579466
	1	1.5109101224139882E-5	0	0.999984890898776
	1	0.02853024951448138	0	0.9714697504855185
	1	0.13134405644463318	0	0.8686559435553668
	1	0.6907182763026238	0	0.3092817236973763
	1	1.0317342801940681E-5	0	0.9999896826571981
	1	0.9738904469421544	0	0.026109553057845705
	1	0.9995151308370617	0	4.8486916293831076E-4
	1	0.003884003890299991	0	0.9961159961097
	1	0.002147776262164573	0	0.9978522237378354
	1	3.06937549355615E-5	0	0.9999693062450643
	1	0.9621832498250085	0	0.03781675017499166
	1	0.45768637616111807	0	0.5423136238388818
	1	1.4236904455756146E-4	0	0.9998576309554423
	1	0.006324348923027592	0	0.9936756510769724
	1	0.9976472041852342	0	0.0023527958147657796
	1	4.3132750178034813E-4	0	0.9995686724982196
	1	1.0978761950133424E-5	0	0.9999890212380499
	1	0.0015792091951067865	0	0.9984207908048932
	1	0.0012168183896364916	0	0.9987831816103635
	1	0.005663825840807038	0	0.9943361741591928
	1	0.9923072287500811	0	0.007692771249918727
	1	0.9946978208844929	0	0.005302179115507141
	1	0.9645055649904143	0	0.03549443500958575
	1	0.984790139821833	0	0.015209860178166989
	1	0.9708964685313562	0	0.029103531468643896
	1	0.9660535138519966	0	0.033946486148003455
	1	0.9163061861466417	0	0.08369381385335825
	1	0.003988807093502394	0	0.9960111929064978
	1	0.8689013015635134	0	0.1310986984364867
	1	0.9773990701081738	0	0.022600929891826053
	1	0.943781765742861	0	0.05621823425713906
	1	1.2004178059781991E-4	0	0.9998799582194022
	1	0.0020792655450896204	0	0.9979207344549105
	1	2.0650379273584043E-4	0	0.9997934962072641
	1	0.8715660736150278	0	0.12843392638497225
	1	0.0015847909988903719	0	0.9984152090011097
	1	0.9998264992954017	0	1.7350070459823952E-4
	1	2.000663727292955E-5	0	0.9999799933627271
	1	0.0027210608788241337	0	0.9972789391211758
	1	0.9921578050375185	0	0.007842194962481362
	1	0.010135269569124139	0	0.9898647304308757
	1	0.0012075210300018964	0	0.998792478969998
	1	0.5953778518356156	0	0.4046221481643843
	1	0.9789708613760647	0	0.021029138623935413
	1	7.399846021653366E-5	0	0.9999260015397835
	1	0.9776359612762848	0	0.022364038723715077
	1	1.8590675896037825E-4	0	0.9998140932410396
	1	0.9964696048020458	0	0.0035303951979541244
	1	1.5256894546566667E-4	0	0.9998474310545342
	1	0.20219438739559248	0	0.7978056126044074
	1	1.0623489017769031E-4	0	0.9998937651098222
	1	0.9425411597625699	0	0.05745884023743015
	1	0.9885377823314891	0	0.011462217668510898
	1	0.02967785693244057	0	0.9703221430675595
	1	0.9786503974329039	0	0.02134960256709614
	1	1.8026173309750746E-5	0	0.9999819738266902
	1	0.002275055444398267	0	0.9977249445556017
	1	0.8807439638442723	0	0.11925603615572765
	1	0.9999640529290492	0	3.594707095076529E-5
	1	0.9263438693720767	0	0.07365613062792328
	1	0.992791416706897	0	0.007208583293102915
	1	1.790056938851623E-4	0	0.9998209943061149
	1	0.09102814238139667	0	0.9089718576186033
	1	5.4239042589731424E-5	0	0.9999457609574103
	1	0.9994110876945297	0	5.889123054702548E-4
	1	4.191351989891645E-5	0	0.9999580864801011
	1	2.5811395199227903E-4	0	0.9997418860480077
	1	0.8766488450634379	0	0.12335115493656201
	1	4.910124148506591E-4	0	0.9995089875851494
	1	0.9993643602602885	0	6.356397397114754E-4
	1	4.124123763377564E-4	0	0.9995875876236623
	1	0.9903514694268951	0	0.009648530573104865
	1	2.189532612067086E-5	0	0.9999781046738794
	1	0.024923952697651	0	0.975076047302349
	1	0.0014550070512339493	0	0.9985449929487662
	1	0.0015032636448195833	0	0.9984967363551805
	1	0.004420159822400355	0	0.9955798401775996
	1	0.9986887098693689	0	0.001311290130631242
	1	0.997673155307498	0	0.002326844692502036
	1	0.0024576127347262808	0	0.9975423872652738
	1	0.9776456576988171	0	0.02235434230118297
	1	0.984790139821833	0	0.015209860178166989
	1	0.9998185312378146	0	1.81468762185387E-4
	1	0.9894327819921264	0	0.010567218007873655
	1	3.351768264939971E-5	0	0.9999664823173507
	1	0.9879823402034866	0	0.012017659796513468
	1	0.02340333850490403	0	0.9765966614950959
	1	0.046024271179783124	0	0.953975728820217
	1	1.983101517179211E-5	0	0.9999801689848282
	1	0.7999095972694582	0	0.2000904027305418
	1	0.7683399971542973	0	0.2316600028457027
	1	0.0030567859243385634	0	0.9969432140756614
	1	0.0011024220990865754	0	0.9988975779009135
	1	0.30836177317146185	0	0.691638226828538
	1	0.8861293427487925	0	0.11387065725120744
	1	0.014486160817683466	0	0.9855138391823165
	1	1.4286752445584506E-5	0	0.9999857132475544
	1	0.0014358992113905603	0	0.9985641007886095
	1	0.6369065223377954	0	0.36309347766220446
	1	2.5201874294210662E-5	0	0.9999747981257058
	1	5.726967675644048E-5	0	0.9999427303232437
	1	0.1547414743889671	0	0.8452585256110329
	1	0.018530862666782572	0	0.9814691373332175
	1	0.9275631299359275	0	0.07243687006407262
	1	0.6369065223377954	0	0.36309347766220446
	1	0.936109917330949	0	0.06389008266905119
	1	0.023945463737558584	0	0.9760545362624414
	1	0.966264362595196	0	0.033735637404804036
	1	0.003138878177654358	0	0.9968611218223455
	1	0.7704210290631217	0	0.2295789709368782
	1	1.6215051952510236E-5	0	0.9999837849480475
	1	1.5176822977990137E-4	0	0.9998482317702201
	1	0.6472202390811326	0	0.35277976091886754
	1	0.5723670280462096	0	0.42763297195379035
	1	0.9863691877770512	0	0.013630812222948796
	1	0.004974533688436414	0	0.9950254663115637
	1	0.01083831399775088	0	0.9891616860022491
	1	1.646334550143838E-5	0	0.9999835366544986
	1	0.0013059090450421884	0	0.9986940909549578
	1	0.00282030972414646	0	0.9971796902758536
	1	0.9810041122765403	0	0.018995887723459868
	1	0.9382717585789883	0	0.061728241421011805
	1	0.9961628748769539	0	0.0038371251230462197
	1	0.0015032636448195833	0	0.9984967363551805
	1	0.8561200583340363	0	0.1438799416659637
	1	7.356008781531762E-5	0	0.9999264399121848
	1	3.6013022623295336E-5	0	0.9999639869773767
	1	0.8951001396753421	0	0.10489986032465795
	1	0.9990472686242104	0	9.527313757895871E-4
	1	0.13319943455882557	0	0.8668005654411745
	1	0.0016494852175174056	0	0.9983505147824826
	1	0.0010873078329655518	0	0.9989126921670344
	1	0.01867108770234462	0	0.9813289122976553
	1	1.5176967673840795E-5	0	0.9999848230323262
	1	0.9984841752959089	0	0.001515824704091033
	1	0.04179965910256871	0	0.9582003408974313
	1	0.001440491679181707	0	0.9985595083208182
	1	2.473097250852423E-4	0	0.9997526902749146
	1	0.9998846171191593	0	1.1538288084069738E-4
	1	0.4517169296108217	0	0.5482830703891782
	1	0.9825158901621978	0	0.01748410983780221
	1	2.0222252242588782E-5	0	0.9999797777477575
	1	8.863932167585573E-4	0	0.9991136067832415
	1	0.8766488450634379	0	0.12335115493656201
	1	0.966264362595196	0	0.033735637404804036
	1	0.0016217116062510718	0	0.9983782883937489
	1	0.9053246644450514	0	0.09467533555494864
	1	0.08108401965272279	0	0.9189159803472772
	1	0.9603607413921893	0	0.0396392586078107
	1	0.0026619728505897743	0	0.9973380271494102
	1	0.9737806961755364	0	0.026219303824463573
	1	0.051523481666209424	0	0.9484765183337905
	1	0.9689369643631834	0	0.031063035636816606
	1	0.9869292961193932	0	0.013070703880606707
	1	0.9978148889654167	0	0.0021851110345833323
	1	7.848554276035463E-4	0	0.9992151445723966
	1	0.9778497338307137	0	0.02215026616928633
	1	2.462403812778932E-4	0	0.999753759618722
	1	4.7115371428118317E-4	0	0.9995288462857189
	1	0.999797610976937	0	2.02389023062949E-4
	1	0.9991415109548779	0	8.584890451220321E-4
	1	0.001741300980242093	0	0.998258699019758
	1	0.0036063424183080963	0	0.9963936575816918
	1	0.8269231334661484	0	0.17307686653385163
	1	0.9988971642419723	0	0.0011028357580278147
	1	0.821699953062699	0	0.178300046937301
	1	0.9909195006217327	0	0.009080499378267298
	1	0.8887623721989566	0	0.1112376278010433
	1	0.0061188760451122495	0	0.9938811239548878
	1	0.009544860517632668	0	0.9904551394823674
	1	0.9754606509239333	0	0.02453934907606665
	1	0.9919251101319322	0	0.008074889868067847
	1	0.010699984477398639	0	0.9893000155226014
	1	0.9768230280784113	0	0.02317697192158876
	1	0.9996443951096	0	3.556048904000572E-4
	1	1.06016944190546E-4	0	0.9998939830558095
	1	1.5488864570381573E-5	0	0.9999845111354296
	1	0.9996899561301309	0	3.1004386986909356E-4
	1	0.979034683636954	0	0.020965316363045876
	1	0.7323252551707958	0	0.26767474482920417
	1	0.778936782191982	0	0.22106321780801808
	1	0.0016765372689641876	0	0.9983234627310358
	1	0.01254125139444009	0	0.9874587486055598
	1	0.566494558627122	0	0.43350544137287794
	1	0.002224111784730413	0	0.9977758882152695
	1	1.719571977207265E-4	0	0.9998280428022792
	1	0.9947567146322602	0	0.005243285367739708
	1	0.9603275681508177	0	0.039672431849182246
	1	0.022010011533423822	0	0.9779899884665761
	1	0.9674523701080876	0	0.03254762989191237
	1	0.9993716545744692	0	6.283454255307392E-4
	1	0.0015990930012983115	0	0.9984009069987017
	1	4.193481924305544E-5	0	0.9999580651807569
	1	0.9982704037909527	0	0.0017295962090473431
	1	0.00451787694604666	0	0.9954821230539533
	1	0.9994342394348795	0	5.657605651203691E-4
	1	1.4212828144942704E-4	0	0.9998578717185507
	1	0.9776762854552669	0	0.022323714544733083
	1	0.0015553187357893491	0	0.9984446812642106
	1	0.9975086222277484	0	0.002491377772251491
	1	0.9923031905331212	0	0.007696809466878682
	1	0.967872743796023	0	0.03212725620397703
	1	0.9698150513250214	0	0.03018494867497853
	1	3.697196164853069E-5	0	0.9999630280383516
	1	0.008669680801256505	0	0.9913303191987436
	1	0.9740373265393708	0	0.02596267346062925
	1	0.9657998004903943	0	0.034200199509605775
	1	1.3201192351439682E-5	0	0.9999867988076486
	1	0.9773462083292499	0	0.0226537916707501
	1	0.9546799618963524	0	0.045320038103647695
	1	0.018150435475829584	0	0.9818495645241705
	1	6.028314031217911E-4	0	0.9993971685968781
	1	3.655343842320372E-4	0	0.999634465615768
	1	9.713173935535648E-4	0	0.9990286826064463
	1	0.0851425020070639	0	0.914857497992936
	1	0.9728450730848706	0	0.027154926915129367
	1	0.976549457871854	0	0.023450542128146065
	1	0.9621832498250085	0	0.03781675017499166
	1	3.345382665316688E-5	0	0.9999665461733468
	1	0.0034589682445177366	0	0.9965410317554824
	1	0.9984321543836513	0	0.0015678456163486611
	1	0.015551049109479168	0	0.9844489508905209
	1	0.9987949321909539	0	0.001205067809045977
	1	0.055295020633487235	0	0.9447049793665129
	1	9.476158063998631E-4	0	0.9990523841936002
	1	0.008121628795031042	0	0.9918783712049689
	1	0.005904653802684661	0	0.9940953461973154
	1	0.0025362314973793047	0	0.9974637685026206
	1	0.9940268115049257	0	0.005973188495074254
	1	2.5688345490069227E-5	0	0.99997431165451
	1	2.385378425166918E-5	0	0.9999761462157484
	1	0.008493712872225612	0	0.9915062871277743
	1	7.876092157529539E-4	0	0.999212390784247
	1	0.9850642184119978	0	0.0149357815880022
	1	1.98205527711651E-5	0	0.9999801794472288
	1	0.9721413748124331	0	0.027858625187567015
	1	0.9959787234575871	0	0.004021276542412923
	1	0.9991831381795213	0	8.168618204787157E-4
	1	0.007390899961579833	0	0.9926091000384202
	1	2.815699543974233E-5	0	0.9999718430045603
	1	0.9986887098693689	0	0.001311290130631242
	1	0.9998057748845256	0	1.942251154743821E-4
	1	0.0012098163695185634	0	0.9987901836304813
	1	0.9997286861582598	0	2.713138417402949E-4
	1	2.0779770718976892E-5	0	0.9999792202292811
	1	2.931511851224709E-4	0	0.9997068488148776
	1	2.2007849793893926E-4	0	0.9997799215020611
	1	0.9906296264009	0	0.00937037359910002
	1	5.625158772304318E-4	0	0.9994374841227697
	1	0.5964521134120597	0	0.4035478865879404
	1	9.466527283168293E-4	0	0.9990533472716832
	1	0.0021766670052728674	0	0.9978233329947273
	1	0.927470863512231	0	0.07252913648776906
	1	0.9903514694268951	0	0.009648530573104865
	1	0.6986767298866274	0	0.3013232701133727
	1	0.9998015524065775	0	1.9844759342259032E-4
	1	4.252600112595814E-4	0	0.9995747399887404
	1	7.886729586314377E-4	0	0.9992113270413685
	1	0.9996660497779393	0	3.3395022206085057E-4
	1	0.009553497763263506	0	0.9904465022367366
	1	0.9839306097324685	0	0.016069390267531472
	1	0.998043922697721	0	0.001956077302278934
	1	0.9938700204726744	0	0.006129979527325597
	1	1.5455345338340237E-5	0	0.9999845446546616
	1	7.886729586314377E-4	0	0.9992113270413685
	1	0.012594744739036285	0	0.9874052552609636
	1	0.9999089721021202	0	9.10278978797859E-5
	1	0.9727298029104956	0	0.027270197089504344
	1	0.017306618860668695	0	0.9826933811393314
	1	0.07124417542687428	0	0.9287558245731257
	1	0.029635388239428503	0	0.9703646117605715
	1	0.9923072287500811	0	0.007692771249918727
	1	0.9995351200544556	0	4.648799455444189E-4
	1	0.9997836837255499	0	2.1631627445011992E-4
	1	0.07140260505475392	0	0.9285973949452461
	1	1.681554543300429E-5	0	0.999983184454567
	1	1.0696159974646423E-5	0	0.9999893038400253
	1	0.0018475673854775096	0	0.9981524326145225
	1	3.697779953481463E-5	0	0.9999630222004652
	1	0.9869662813579436	0	0.013033718642056396
	1	5.432715318369934E-4	0	0.9994567284681629
	1	0.07176877535121243	0	0.9282312246487876
	1	0.00777402031092749	0	0.9922259796890726
	1	0.9944647538329731	0	0.00553524616702684
	1	0.005107304920954302	0	0.9948926950790458
	1	0.07155890277888612	0	0.9284410972211139
	1	0.9368844753367527	0	0.06311552466324721
	1	0.03887921302480963	0	0.9611207869751904
	1	1.4537887956109417E-4	0	0.9998546211204388
	1	0.4488455104491882	0	0.5511544895508118
	1	1.959879670737599E-5	0	0.9999804012032926
	1	1.4284655722216505E-4	0	0.9998571534427778
	1	0.007458922659530695	0	0.9925410773404693
	1	0.0011456719070786696	0	0.9988543280929214
	1	0.010799701361221511	0	0.9892002986387785
	1	1.4956679739469618E-4	0	0.9998504332026052
	1	0.0011475841777028892	0	0.9988524158222971
	1	0.0011657023825719147	0	0.998834297617428
	1	0.003124153004622176	0	0.9968758469953779
	1	0.9994394738702045	0	5.605261297955642E-4
	1	1.3317689273585594E-5	0	0.9999866823107264
	1	0.987180103939323	0	0.012819896060676971
	1	0.9961036788891448	0	0.0038963211108552524
	1	0.006510372530222016	0	0.993489627469778
	1	0.10725441768917902	0	0.8927455823108209
	1	7.585337715739287E-4	0	0.9992414662284261
	1	0.9997197232072206	0	2.8027679277948706E-4
	1	0.975847996562574	0	0.02415200343742597
	1	0.005113625843014447	0	0.9948863741569854
	1	0.9627397319584725	0	0.03726026804152746
	1	0.9993177268274305	0	6.822731725695306E-4
	1	0.4758574293262862	0	0.5241425706737138
	1	0.2330859016218593	0	0.7669140983781408
	1	0.9856153597452477	0	0.014384640254752338
	1	0.006746692026645937	0	0.9932533079733541
	1	0.9951752048537921	0	0.004824795146207963
	1	0.024192070832432567	0	0.9758079291675674
	1	0.027651237853538835	0	0.9723487621464612
	1	0.9999169807240778	0	8.301927592226701E-5
	1	0.013701042327090343	0	0.9862989576729096
	1	0.0030130542851282355	0	0.9969869457148717
	1	0.9585328692613526	0	0.04146713073864745
	1	0.00492902207778033	0	0.9950709779222197
	1	0.9996660497779393	0	3.3395022206085057E-4
	1	0.002930201148463943	0	0.997069798851536
	1	0.004185671801706231	0	0.9958143281982937
	1	0.6747246930110102	0	0.3252753069889898
	1	0.020054694288776976	0	0.979945305711223
	1	4.2583457484416786E-4	0	0.9995741654251559
	1	0.9318296575649471	0	0.06817034243505295
	1	7.04614074816939E-4	0	0.9992953859251831
	1	2.4430340934324075E-4	0	0.9997556965906567
	1	1.070981542614901E-4	0	0.9998929018457384
	1	0.0432514190021963	0	0.9567485809978037
	1	0.9980252554465208	0	0.001974744553479221
	1	1.9461416486578944E-5	0	0.9999805385835134
	1	2.2953424871354516E-4	0	0.9997704657512864
	1	0.015218621678804707	0	0.9847813783211953
	1	0.0029272756329592575	0	0.9970727243670408
	1	0.011246275706845785	0	0.9887537242931541
	1	0.9934852131629259	0	0.006514786837074009
	1	0.05836217092371554	0	0.9416378290762845
	1	0.6506922157664902	0	0.3493077842335097
	1	2.9237633873899275E-4	0	0.9997076236612611
	1	0.029978780023460348	0	0.9700212199765396
	1	0.01928169594905113	0	0.980718304050949
	1	0.9689348243322576	0	0.031065175667742296
	1	1.7828823311046563E-4	0	0.9998217117668895
	1	0.0014897993014059419	0	0.9985102006985941
	1	8.143616838291E-6	0	0.9999918563831617
	1	0.010638336448359084	0	0.989361663551641
	1	0.6741653086359546	0	0.32583469136404536
	1	0.0027505178918949776	0	0.997249482108105
	1	0.001018330533135382	0	0.9989816694668646
	1	0.9953966138535044	0	0.004603386146495603
	1	0.003273939045280318	0	0.9967260609547198
	1	0.0030151729159282417	0	0.9969848270840717
	1	0.9575993678234863	0	0.04240063217651374
	1	0.004197589796988524	0	0.9958024102030115
	1	0.9999640606573315	0	3.5939342668636246E-5
	1	0.9735739841087805	0	0.026426015891219602
	1	1.016964496847121E-5	0	0.9999898303550315
	1	0.0013742465079997106	0	0.9986257534920002
	1	2.8738832113164863E-5	0	0.9999712611678868
	1	0.8701179735669358	0	0.1298820264330642
	1	0.9994110876945297	0	5.889123054702548E-4
	1	3.9447757257400276E-5	0	0.9999605522427426
	1	2.0991486923221638E-4	0	0.9997900851307677
	1	0.9397169548873744	0	0.06028304511262551
	1	0.9891577563091791	0	0.010842243690820853
	1	0.989741909328031	0	0.010258090671969004
	1	2.231913240315182E-4	0	0.9997768086759684
	1	1.9215909678701304E-4	0	0.999807840903213
	1	1.3947558380667107E-4	0	0.9998605244161932
	1	0.6697806343674261	0	0.33021936563257387
	1	0.0031040240361942064	0	0.9968959759638057
	1	6.773079031714271E-4	0	0.9993226920968287
	1	0.01637413074995948	0	0.9836258692500405
	1	0.9788460594291418	0	0.02115394057085807
	1	0.9988310713430314	0	0.001168928656968555
	1	7.899407903427267E-4	0	0.9992100592096573
	1	6.219667798399242E-4	0	0.9993780332201602
	1	0.05521271617903718	0	0.9447872838209629
	1	0.0047364142295124685	0	0.9952635857704876
	1	2.4196799672737293E-5	0	0.9999758032003273
	1	0.007496811704667047	0	0.9925031882953329
	1	0.007889993624791085	0	0.992110006375209
	1	2.837565756481041E-5	0	0.9999716243424353
	1	0.0011970146212652505	0	0.9988029853787348
	1	8.411960411893658E-4	0	0.9991588039588105
	1	0.9905982964619163	0	0.009401703538083653
	1	0.005595329284597179	0	0.9944046707154028
	1	0.014001509457417849	0	0.9859984905425822
	1	0.9671624415156973	0	0.03283755848430277
	1	0.001172863262764719	0	0.9988271367372353
	1	1.0766552847823366E-5	0	0.9999892334471523
	1	1.278748885629517E-4	0	0.999872125111437
	1	7.345029658935683E-5	0	0.9999265497034107
	1	1.3883709810521332E-4	0	0.9998611629018948
	1	0.007664459571826548	0	0.9923355404281734
	1	0.002174819391461642	0	0.9978251806085383
	1	1.3883709810521332E-4	0	0.9998611629018948
	1	7.718361448354961E-5	0	0.9999228163855164
	1	1.6285292292399778E-5	0	0.9999837147077076
	1	0.9999138203505749	0	8.61796494251207E-5
	1	0.7966592063474646	0	0.20334079365253535
	1	0.002370058527708874	0	0.9976299414722911
	1	0.9082888185869978	0	0.0917111814130021
	1	0.9986887098693689	0	0.001311290130631242
	1	4.093178720060962E-5	0	0.9999590682127995
	1	0.007081489104704733	0	0.9929185108952954
	1	9.55675834606879E-6	0	0.999990443241654
	1	7.556774491574712E-4	0	0.9992443225508426
	1	0.984790139821833	0	0.015209860178166989
	1	0.0021808345258686225	0	0.9978191654741314
	1	6.064805378427617E-4	0	0.9993935194621573
	1	6.727301403179024E-4	0	0.999327269859682
	1	0.9999169807240778	0	8.301927592226701E-5
	1	0.984790139821833	0	0.015209860178166989
	1	2.29618610501398E-5	0	0.9999770381389499
	1	0.9993716545744692	0	6.283454255307392E-4
	1	0.013839338825377172	0	0.9861606611746229
	1	0.0024550318728730537	0	0.9975449681271269
	1	5.518013249058143E-4	0	0.9994481986750942
	1	9.760391223037746E-4	0	0.9990239608776963
	1	0.5465369826947453	0	0.4534630173052547
	1	0.9996579620229594	0	3.4203797704064203E-4
	1	0.9723193060044745	0	0.027680693995525422
	1	6.00566166349674E-4	0	0.9993994338336504
	1	0.9555561825345916	0	0.0444438174654084
	1	2.726712559372646E-5	0	0.9999727328744061
	1	0.984790139821833	0	0.015209860178166989
	1	7.785707810613354E-5	0	0.999922142921894
	1	0.002179250679323183	0	0.9978207493206768
	1	4.83376226457532E-5	0	0.9999516623773541
	1	1.7848124698359964E-5	0	0.9999821518753017
	1	1.4470534948704704E-4	0	0.999855294650513
	1	0.34677427443275205	0	0.6532257255672479
	1	0.010305076442713482	0	0.9896949235572865
	1	0.01736047528197805	0	0.982639524718022
	1	1.0583527793872069E-5	0	0.9999894164722062
	1	4.5141613871915986E-6	0	0.9999954858386129
	1	0.9789053482341438	0	0.021094651765856186
	1	0.9999061143251029	0	9.388567489711438E-5
	1	2.7911802877593013E-5	0	0.9999720881971225
	1	0.9363105632987572	0	0.06368943670124277
	1	0.003256294403726529	0	0.9967437055962733
	1	0.9986887098693689	0	0.001311290130631242
	1	1.9161256929267E-5	0	0.9999808387430708
	1	0.842606484079955	0	0.15739351592004489
	1	2.120701924322837E-5	0	0.9999787929807568
	1	2.5192440629986804E-4	0	0.9997480755937002
	1	2.0823502059136175E-5	0	0.9999791764979408
	1	1.3774936882837888E-5	0	0.9999862250631173
	1	0.9947875236898283	0	0.00521247631017171
	1	3.4297815727891234E-5	0	0.999965702184272
	1	4.618228057672429E-5	0	0.9999538177194233
	1	3.175477563600962E-5	0	0.9999682452243639
	1	1.1966376063023897E-4	0	0.9998803362393697
	1	1.236780305565915E-4	0	0.9998763219694434
	1	0.9786206784512137	0	0.021379321548786374
	1	2.442980966515454E-5	0	0.9999755701903348
	1	1.3529142904404175E-4	0	0.999864708570956
	1	1.6882075094595722E-4	0	0.9998311792490541
	1	5.754458249746575E-5	0	0.9999424554175026
	1	4.5414504722102677E-4	0	0.9995458549527789
	1	0.003943710495921809	0	0.9960562895040783
	1	0.002893511989434734	0	0.9971064880105652
	1	0.0035420950511728918	0	0.9964579049488271
	1	1.5260932368795823E-5	0	0.9999847390676312
	1	5.445854574455651E-4	0	0.9994554145425545
	1	8.327123163662432E-6	0	0.9999916728768362
	1	0.003477493089762071	0	0.9965225069102378
	1	5.6600434035403105E-5	0	0.9999433995659647
	1	5.312867715442115E-4	0	0.9994687132284557
	1	3.164323399836915E-5	0	0.9999683567660016
	1	0.05667695652890997	0	0.9433230434710901
	1	4.3348968402714597E-4	0	0.9995665103159728
	1	2.7207552473233447E-5	0	0.9999727924475267
	1	0.001208961466346503	0	0.9987910385336535
	1	8.604192070871187E-6	0	0.9999913958079292
	1	0.019112923644793552	0	0.9808870763552064
	1	0.0013596852314947687	0	0.9986403147685052
	1	6.248376198898672E-4	0	0.9993751623801101
	1	0.0011270355149551306	0	0.9988729644850449
	1	4.4176844316448305E-5	0	0.9999558231556837
	1	1.71393700338962E-4	0	0.9998286062996611
	1	0.07958261643591368	0	0.9204173835640863
	1	2.9791912174356613E-4	0	0.9997020808782563
	1	3.410670642408658E-4	0	0.9996589329357591
	1	2.156432057322542E-6	0	0.9999978435679427
	1	0.005537366555255962	0	0.994462633444744
	1	9.296442119684498E-6	0	0.9999907035578803
	1	0.6873109775591674	0	0.31268902244083263
	1	0.004036142548339437	0	0.9959638574516606
	1	2.031863658372877E-5	0	0.9999796813634164
	1	3.870339302688479E-5	0	0.9999612966069731
	1	2.855993901863087E-5	0	0.9999714400609813
	1	0.8970281063549288	0	0.1029718936450713
	1	0.9422562213261492	0	0.05774377867385083
	1	0.9938673845692795	0	0.006132615430720403
	1	0.08308324998202454	0	0.9169167500179755
	1	3.880686478799626E-5	0	0.999961193135212
	1	2.0580324648513271E-4	0	0.999794196753515
	1	0.9976547213698101	0	0.002345278630189813
	1	2.449974395289952E-4	0	0.9997550025604711
	1	0.039231209046388084	0	0.9607687909536119
	1	0.0028205176058664016	0	0.9971794823941337
	1	1.0767181850940578E-4	0	0.9998923281814907
	1	0.9910124532974068	0	0.008987546702593122
	1	0.9991350902177472	0	8.649097822529523E-4
	1	3.566999658638937E-5	0	0.9999643300034137
	1	3.822645513565479E-5	0	0.9999617735448643
	1	0.011168602580277517	0	0.9888313974197225
	1	0.9869662813579436	0	0.013033718642056396
	1	1.4029629002417884E-4	0	0.9998597037099758
	1	0.9923684768201549	0	0.007631523179845053
	1	0.9927205308303477	0	0.007279469169652193
	1	0.01893435040209337	0	0.9810656495979065
	1	0.999781062200626	0	2.1893779937405298E-4
	1	0.009356484118467673	0	0.9906435158815322
	1	0.9926853413047199	0	0.007314658695280088
	1	0.018371848499888186	0	0.9816281515001117
	1	9.536951017989993E-6	0	0.999990463048982
	1	0.9790881697783033	0	0.02091183022169674
	1	0.9970173427281125	0	0.002982657271887537
	1	9.396468618146249E-4	0	0.9990603531381855
	1	1.4296353738676012E-5	0	0.9999857036462613
	1	0.983093751756029	0	0.01690624824397097
	1	0.21855388025562372	0	0.7814461197443763
	1	0.0011185927379379437	0	0.9988814072620621
	1	6.001766479286761E-4	0	0.9993998233520713
	1	0.05386652101526785	0	0.9461334789847322
	1	1.4295703833289805E-5	0	0.9999857042961666
	1	0.9747863723450549	0	0.025213627654945163
	1	0.9955085873315674	0	0.00449141266843251
	1	0.9858624235175354	0	0.014137576482464567
	1	0.9999051926246711	0	9.480737532887851E-5
	1	3.762500239072032E-5	0	0.9999623749976093
	1	0.9811459405613213	0	0.01885405943867861
	1	0.003382429793966153	0	0.9966175702060338
	1	2.1663682875161856E-5	0	0.999978336317125
	1	8.222552877941968E-5	0	0.9999177744712204
	1	1.606433294489468E-5	0	0.999983935667055
	1	0.00388625213529326	0	0.9961137478647067
	1	0.9944877726152846	0	0.00551222738471539
	1	0.9878246668763827	0	0.012175333123617259
	1	0.9741184859406613	0	0.0258815140593387
	1	1.6215051952510236E-5	0	0.9999837849480475
	1	3.6687409755996125E-4	0	0.9996331259024399
	1	0.0015435923285037289	0	0.9984564076714963
	1	0.005446567166259235	0	0.9945534328337409
	1	0.03867874095641556	0	0.9613212590435843
	1	0.003442535076536201	0	0.9965574649234639
	1	0.02433502241826974	0	0.9756649775817303
	1	0.973395899407833	0	0.02660410059216695
	1	0.9116642187840656	0	0.08833578121593454
	1	0.9942560540523641	0	0.0057439459476359605
	1	2.7463842721597886E-4	0	0.999725361572784
	1	0.005029149568634609	0	0.9949708504313655
	1	2.6854586452095657E-5	0	0.9999731454135479
	1	0.9926853413047199	0	0.007314658695280088
	1	0.9983778452968198	0	0.001622154703180166
	1	0.9768321993050523	0	0.023167800694947668
	1	0.9807250414239297	0	0.01927495857607034
	1	0.0038407372958212675	0	0.9961592627041786
	1	1.6195960644023828E-5	0	0.9999838040393559
	1	2.753329252307137E-5	0	0.9999724667074769
	1	3.2407570950955837E-4	0	0.9996759242904906
	1	1.295737558463812E-4	0	0.9998704262441536
	1	0.010592405249589223	0	0.9894075947504108
	1	4.8467251864975824E-5	0	0.999951532748135
	1	3.538116568282717E-4	0	0.9996461883431719
	1	0.991792961760058	0	0.008207038239942082
	1	0.002270354309739047	0	0.9977296456902609
	1	3.0364621579165383E-5	0	0.9999696353784209
	1	3.593845895902715E-4	0	0.9996406154104098
	1	0.004489023776637209	0	0.9955109762233629
	1	7.101155774503247E-4	0	0.9992898844225497
	1	2.4905148245025128E-5	0	0.999975094851755
	1	1.127556338990729E-4	0	0.999887244366101
	1	1.2871491586235326E-4	0	0.9998712850841376
	1	0.9926853413047199	0	0.007314658695280088
	1	0.010398333373897587	0	0.9896016666261023
	1	5.038588379060041E-4	0	0.9994961411620941
	1	5.317555892219599E-4	0	0.999468244410778
	1	7.133639399357981E-4	0	0.9992866360600643
	1	5.908546645604992E-4	0	0.9994091453354396
	1	4.500855813590048E-4	0	0.999549914418641
	1	0.9945247996282947	0	0.005475200371705397
	1	5.62271783278901E-4	0	0.999437728216721
	1	0.9822623191537067	0	0.01773768084629338
	1	0.0033969528362523147	0	0.9966030471637477
	1	0.18628467893211642	0	0.8137153210678835
	1	0.011883031120434281	0	0.9881169688795658
	1	5.257599653312697E-5	0	0.9999474240034669
	1	4.6627823277478955E-4	0	0.9995337217672251
	1	9.150403996274155E-5	0	0.9999084959600372
	1	9.150403996274155E-5	0	0.9999084959600372
	1	5.651549242044928E-4	0	0.9994348450757955
	1	8.984735079980532E-4	0	0.999101526492002
	1	0.9986887098693689	0	0.001311290130631242
	1	0.0439496514307496	0	0.9560503485692504
	1	4.6627823277478955E-4	0	0.9995337217672251
	1	9.150403996274155E-5	0	0.9999084959600372
	1	9.150403996274155E-5	0	0.9999084959600372
	1	0.006552328962475493	0	0.9934476710375245
	1	0.004670298487987929	0	0.995329701512012
	1	0.9945826536799475	0	0.005417346320052582
	1	0.02298724603051821	0	0.9770127539694817
	1	1.8214248023940943E-5	0	0.9999817857519759
	1	1.4602258423476344E-5	0	0.9999853977415766
	1	0.9997838263059783	0	2.1617369402163883E-4
	1	3.6440770288054584E-4	0	0.9996355922971194
	1	9.539887370246136E-5	0	0.9999046011262976
	1	0.006762659979776728	0	0.9932373400202232
	1	7.025958294817346E-4	0	0.9992974041705184
	1	4.6627823277478955E-4	0	0.9995337217672251
	1	0.0014507220958580335	0	0.9985492779041419
	1	9.150403996274155E-5	0	0.9999084959600372
	1	9.150403996274155E-5	0	0.9999084959600372
	1	0.0019842003762032315	0	0.9980157996237968
	1	1.2388408611104765E-4	0	0.9998761159138888
	1	1.7049165454181362E-4	0	0.9998295083454581
	1	1.3889932149254869E-5	0	0.9999861100678508
	1	4.855317590257847E-6	0	0.9999951446824098
	1	4.0297956587785945E-6	0	0.9999959702043412
	1	0.4933940030437861	0	0.5066059969562139
	1	0.003175112588916757	0	0.9968248874110832
	1	2.8099993044632947E-5	0	0.9999719000069555
	1	8.786153116112275E-5	0	0.9999121384688389
	1	0.009854811834754052	0	0.9901451881652459
	1	0.02659964488572729	0	0.9734003551142727
	1	3.602952061668336E-5	0	0.9999639704793832
	1	0.815433779802418	0	0.18456622019758195
	1	0.0028988384178036944	0	0.9971011615821963
	1	0.004974568010376959	0	0.9950254319896231
	1	0.9839533096215053	0	0.016046690378494773
	1	1.591750889332933E-5	0	0.9999840824911066
	1	6.632180813716097E-5	0	0.9999336781918629
	1	0.9611337929787613	0	0.03886620702123863
	1	3.8316888258982654E-5	0	0.999961683111741
	1	2.7737570870603055E-4	0	0.9997226242912939
	1	1.7490926886540873E-4	0	0.9998250907311346
	1	9.007381508899671E-4	0	0.9990992618491101
	1	0.0016167356841812967	0	0.9983832643158187
	1	2.847433791768131E-4	0	0.9997152566208232
	1	0.07880642096976688	0	0.9211935790302332
	1	2.1722999095144496E-5	0	0.9999782770009049
	1	0.9837172707647848	0	0.01628272923521539
	1	0.00132835938632127	0	0.9986716406136786
	1	0.9798082324281678	0	0.020191767571832185
	1	3.128055059901239E-5	0	0.9999687194494011
	1	0.009610313918297985	0	0.990389686081702
	1	0.0015027664246182128	0	0.9984972335753818
	1	0.8799276593930813	0	0.1200723406069187
	1	0.7523281178915109	0	0.24767188210848912
	1	0.754181086729203	0	0.24581891327079688
	1	0.9998260820901675	0	1.7391790983249544E-4
	1	7.92887858240329E-6	0	0.9999920711214175
	1	0.9821734180356894	0	0.017826581964310688
	1	0.23940878790814707	0	0.7605912120918529
	1	6.880021630674039E-4	0	0.9993119978369326
	1	0.23136911679603916	0	0.7686308832039609
	1	0.9993373923900418	0	6.626076099580442E-4
	1	0.9203174745216002	0	0.07968252547839984
	1	0.9999169807240778	0	8.301927592226701E-5
	1	0.5958325817673028	0	0.4041674182326972
	1	0.9913297557496712	0	0.008670244250328763
	1	0.016796268272777373	0	0.9832037317272226
	1	0.38170343779366456	0	0.6182965622063354
	1	0.9988219623657122	0	0.0011780376342877665
	1	0.9727298029104956	0	0.027270197089504344
	1	0.9963719664929107	0	0.0036280335070892197
	1	3.073202064135656E-5	0	0.9999692679793587
	1	3.5382062903660354E-4	0	0.9996461793709635
	1	0.0021090856408499024	0	0.9978909143591501
	1	0.004029389112515657	0	0.9959706108874844
	1	6.832273809550597E-5	0	0.9999316772619045
	1	2.534962335617798E-5	0	0.9999746503766438
	1	0.008685593689328742	0	0.9913144063106711
	1	9.778112541493618E-4	0	0.9990221887458506
	1	0.0033461138180563344	0	0.9966538861819437
	1	0.9417809542197954	0	0.058219045780204676
	1	0.996612696273115	0	0.0033873037268849137
	1	0.9935122586208279	0	0.006487741379171984
	1	0.9993723215755113	0	6.276784244886762E-4
	1	0.9788460594291418	0	0.02115394057085807
	1	9.763571353697719E-4	0	0.9990236428646303
	1	0.0015004739722145346	0	0.9984995260277856
	1	0.9906296264009	0	0.00937037359910002
	1	0.995961785583842	0	0.004038214416158145
	1	7.369241523880781E-4	0	0.999263075847612
	1	0.9916521306595575	0	0.008347869340442385
	1	7.886729586314377E-4	0	0.9992113270413685
	1	0.9880576809820089	0	0.011942319017991173
	1	0.9999565812562804	0	4.341874371960464E-5
	1	0.9545243932930128	0	0.04547560670698719
	1	0.0011059555249606262	0	0.9988940444750393
	1	7.836392291200238E-4	0	0.9992163607708799
	1	1.4227693302984737E-5	0	0.999985772306697
	1	0.9869662813579436	0	0.013033718642056396
	1	0.31940076660219474	0	0.6805992333978053
	1	0.9993643602602885	0	6.356397397114754E-4
	1	0.10743927011640517	0	0.8925607298835948
	1	0.01223049440645756	0	0.9877695055935425
	1	0.9991013795469079	0	8.986204530920079E-4
	1	0.023945463737558584	0	0.9760545362624414
	1	0.08194624096135301	0	0.918053759038647
	1	0.9993478532577412	0	6.521467422587458E-4
	1	0.040576853028772286	0	0.9594231469712277
	1	0.10292961584781274	0	0.8970703841521872
	1	0.9295724911268611	0	0.07042750887313871
	1	0.9996808739814617	0	3.191260185381979E-4
	1	0.027572420149467584	0	0.9724275798505324
	1	0.8425208059701133	0	0.15747919402988675
	1	0.023945463737558584	0	0.9760545362624414
	1	0.966264362595196	0	0.033735637404804036
	1	0.001406179469060075	0	0.9985938205309398
	1	3.110881489378973E-5	0	0.9999688911851063
	1	0.001215920031156484	0	0.9987840799688434
	1	0.966264362595196	0	0.033735637404804036
	1	4.5012699938734823E-4	0	0.9995498730006127
	1	0.006467027390943631	0	0.9935329726090563
	1	0.0021988344532295626	0	0.9978011655467705
	1	0.8269231334661484	0	0.17307686653385163
	1	0.9988971642419723	0	0.0011028357580278147
	1	0.821699953062699	0	0.178300046937301
	1	0.001969917300436379	0	0.9980300826995637
	1	7.41341224555389E-6	0	0.9999925865877545
	1	1.5488864570381573E-5	0	0.9999845111354296
	1	0.9981485710953427	0	0.0018514289046574028
	1	0.979034683636954	0	0.020965316363045876
	1	0.7323252551707958	0	0.26767474482920417
	1	0.778936782191982	0	0.22106321780801808
	1	0.9961628748769539	0	0.0038371251230462197
	1	0.9896030574345219	0	0.010396942565478066
	1	0.015062046066982028	0	0.984937953933018
	1	1.6625459205597542E-5	0	0.9999833745407944
	1	0.9987366559149611	0	0.0012633440850390025
	1	0.0024449825372550526	0	0.9975550174627449
	1	0.9551378558722369	0	0.04486214412776322
	1	1.4677436901536232E-5	0	0.9999853225630986
	1	0.9984321543836513	0	0.0015678456163486611
	1	0.9831969388141374	0	0.016803061185862566
	1	0.9838042314153015	0	0.016195768584698515
	1	1.319724495103443E-5	0	0.9999868027550489
	1	0.9783231546718848	0	0.02167684532811523
	1	0.9899872969330382	0	0.01001270306696179
	1	0.043027085277797944	0	0.956972914722202
	1	3.690015281622832E-4	0	0.9996309984718378
	1	0.9762092810119073	0	0.02379071898809273
	1	0.9984873138879165	0	0.001512686112083583
	1	0.04218834492777949	0	0.9578116550722205
	1	0.0034139731817798115	0	0.9965860268182203
	1	1.7336401822579432E-4	0	0.9998266359817741
	1	1.7555739755093644E-4	0	0.9998244426024491
	1	0.9862074243114968	0	0.013792575688503218
	1	0.004568758413471029	0	0.9954312415865291
	1	0.0014507220958580335	0	0.9985492779041419
	1	4.144172004368198E-4	0	0.9995855827995632
	1	4.2123437144398927E-4	0	0.999578765628556
	1	4.121044849911328E-5	0	0.9999587895515009
	1	0.012349301145762043	0	0.987650698854238
	1	0.001003802757874488	0	0.9989961972421256
	1	1.7037414529448927E-4	0	0.9998296258547056
	1	0.8571007477876114	0	0.1428992522123887
	1	2.161968419716203E-5	0	0.9999783803158028
	1	0.9647922273346422	0	0.03520777266535771
	1	0.06932913567126586	0	0.9306708643287342
	1	0.0033004971538206536	0	0.9966995028461794
	1	3.51329337322934E-4	0	0.999648670662677
	1	0.9845809263333531	0	0.015419073666646747
	1	0.986988297999969	0	0.013011702000030984
	1	9.976085671292997E-6	0	0.9999900239143287
	1	0.006811267677198795	0	0.9931887323228011
	1	0.017743324426904242	0	0.9822566755730957
	1	0.020607024943802912	0	0.979392975056197
	1	4.608666326108239E-4	0	0.9995391333673892
	1	0.03677207281798883	0	0.9632279271820111
	1	0.003591683423770469	0	0.9964083165762295
	1	3.6122815115169085E-5	0	0.9999638771848848
	1	0.983190657016621	0	0.016809342983379067
	1	0.332274062972774	0	0.667725937027226
	1	0.9379676599534479	0	0.062032340046552156
	1	0.3814718870144204	0	0.6185281129855796
	1	0.9999180813269711	0	8.191867302895006E-5
	1	0.991183018988207	0	0.008816981011792967
	1	6.232323270339627E-4	0	0.999376767672966
	1	0.0018217191114557759	0	0.9981782808885442
	1	6.3041514041048915E-6	0	0.9999936958485959
	1	0.6738397928964757	0	0.32616020710352434
	1	0.8513130322902913	0	0.14868696770970874
	1	0.9997857777946609	0	2.142222053390343E-4
	1	0.20750494872771827	0	0.7924950512722818
	1	0.0010333361915123448	0	0.9989666638084875
	1	1.6978223174055266E-4	0	0.9998302177682594
	1	0.16513214749509672	0	0.8348678525049033
	1	1.4817984575622546E-5	0	0.9999851820154244
	1	0.23380673240377628	0	0.7661932675962236
	1	4.309619927987016E-4	0	0.9995690380072012
	1	0.0029103109178585263	0	0.9970896890821415
	1	0.46087014839726576	0	0.5391298516027343
	1	0.1970708241993351	0	0.8029291758006649
	1	9.82534142563787E-6	0	0.9999901746585744
	1	0.3122884174388288	0	0.6877115825611712
	1	0.3122884174388288	0	0.6877115825611712
	1	1.1208086558369547E-5	0	0.9999887919134416
	1	0.9843005831680638	0	0.015699416831936232
	1	0.035899076962438145	0	0.9641009230375618
	1	0.006254736922116445	0	0.9937452630778835
	1	3.221052894065605E-5	0	0.9999677894710592
	1	0.9831969388141374	0	0.016803061185862566
	1	0.017969230415059573	0	0.9820307695849404
	1	0.9952060189726901	0	0.004793981027309827
	1	0.9660535138519966	0	0.033946486148003455
	1	0.002585748979834292	0	0.9974142510201658
	1	3.374372093414273E-5	0	0.9999662562790659
	1	3.356977625337833E-4	0	0.9996643022374662
	1	4.62424179145879E-4	0	0.9995375758208541
	1	0.009129441346761585	0	0.9908705586532384
	1	0.9520841400993187	0	0.04791585990068122
	1	0.0015736770260522447	0	0.9984263229739477
	1	0.003464547204146746	0	0.9965354527958532
	1	5.456302164651081E-4	0	0.9994543697835349
	1	0.02447102472037601	0	0.975528975279624
	1	0.7451411716442237	0	0.25485882835577645
	1	3.879916133561955E-5	0	0.9999612008386645
	1	0.0021389775215606534	0	0.9978610224784394
	1	7.825305955323932E-6	0	0.9999921746940448
	1	7.041152354360323E-4	0	0.999295884764564
	1	6.821367800818205E-4	0	0.9993178632199182
	1	7.987937691164602E-6	0	0.9999920120623087
	1	0.9953063051774474	0	0.004693694822552679
	1	0.01151217135587134	0	0.9884878286441287
	1	0.002540973254747727	0	0.9974590267452523
	1	4.080032844146461E-6	0	0.9999959199671558
	1	3.2680845584104394E-4	0	0.999673191544159
	1	0.0065690521274123104	0	0.9934309478725877
	1	2.1352627426385805E-5	0	0.9999786473725736
	1	0.005198118437448611	0	0.9948018815625513
	1	4.935229764781162E-4	0	0.9995064770235219
	1	0.014165189997375378	0	0.9858348100026246
	1	3.211973445943E-5	0	0.9999678802655405
	1	0.001449890422461487	0	0.9985501095775386
	1	0.0026655063961378003	0	0.9973344936038622
	1	0.9999863389171567	0	1.3661082843334401E-5
	1	1.274907294329441E-5	0	0.9999872509270568
	1	0.9803059727975713	0	0.019694027202428733
	1	8.30698846249539E-6	0	0.9999916930115373
	1	3.255028725817542E-4	0	0.9996744971274183
	1	0.016335240158413273	0	0.9836647598415867
	1	0.009077252333676003	0	0.990922747666324
	1	3.320299720029028E-5	0	0.9999667970027997
	1	0.04655853060367757	0	0.9534414693963225
	1	0.0026209184559970815	0	0.997379081544003
	1	1.7293054172116244E-5	0	0.9999827069458279
	1	0.005317608191771548	0	0.9946823918082285
	1	7.140202500164445E-5	0	0.9999285979749982
	1	0.9998393973451604	0	1.6060265483976347E-4
	1	0.9909195006217327	0	0.009080499378267298
	1	0.9468425054728961	0	0.053157494527103916
	1	8.752343574164378E-4	0	0.9991247656425837
	1	0.0038436199369268212	0	0.9961563800630733
	1	2.5605708357244916E-4	0	0.9997439429164275
	1	3.8849512808301597E-4	0	0.999611504871917
	1	0.02080726451465621	0	0.9791927354853438
	1	5.024809935086408E-5	0	0.9999497519006492
	1	6.780468565708531E-4	0	0.9993219531434292
	1	0.00150839110252359	0	0.9984916088974763
	1	3.413166216792463E-5	0	0.9999658683378321
	1	2.3085683113544497E-5	0	0.9999769143168865
	1	1.4172163431973982E-5	0	0.9999858278365681
	1	0.013977883599755157	0	0.9860221164002447
	1	1.0191991421465018E-5	0	0.9999898080085785
	1	1.3220476034655534E-5	0	0.9999867795239654
	1	2.2997795432664084E-6	0	0.9999977002204566
	1	2.8577242933254814E-4	0	0.9997142275706675
	1	1.0434272758180825E-5	0	0.9999895657272417
	1	6.856236991517012E-4	0	0.9993143763008482
	1	0.8922320598109091	0	0.10776794018909078
	1	0.19588016443152206	0	0.804119835568478
	1	0.9988090843956293	0	0.001190915604370683
	1	6.058023717432889E-4	0	0.9993941976282567
	1	0.0031853674304492003	0	0.9968146325695507
	1	1.1977866299362517E-4	0	0.9998802213370064
	1	6.861773576706065E-4	0	0.9993138226423295
	1	0.979295474774742	0	0.020704525225258022
	1	0.9564985341934039	0	0.043501465806596036
	1	0.004404598131478043	0	0.9955954018685219
	1	3.006306888374412E-4	0	0.9996993693111625
	1	0.004298840797088112	0	0.9957011592029118
	1	4.7192514340418385E-5	0	0.9999528074856595
	1	0.17603310782486442	0	0.8239668921751355
	1	2.3764622411062719E-4	0	0.9997623537758893
	1	0.9883984891153461	0	0.011601510884653816
	1	0.03476853995417196	0	0.9652314600458279
	1	3.611162544858873E-5	0	0.9999638883745514
	1	0.03443338687551831	0	0.9655666131244818
	1	0.9926853413047199	0	0.007314658695280088
	1	0.9924447125652802	0	0.007555287434719694
	1	0.03214609664011024	0	0.9678539033598896
	1	2.995375856657113E-5	0	0.9999700462414334
	1	0.016005902985937175	0	0.9839940970140628
	1	3.265438888246184E-4	0	0.9996734561111754
	1	0.9231478754387871	0	0.07685212456121296
	1	1.2545599156781582E-5	0	0.9999874544008432
	1	0.810271136992681	0	0.18972886300731884
	1	0.9961628748769539	0	0.0038371251230462197
	1	3.834774923744897E-5	0	0.9999616522507626
	1	0.0020771273384066324	0	0.9979228726615935
	1	0.0062155997924622465	0	0.9937844002075377
	1	1.278748885629517E-4	0	0.999872125111437
	1	7.345029658935683E-5	0	0.9999265497034107
	1	0.007664459571826548	0	0.9923355404281734
	1	0.002174819391461642	0	0.9978251806085383
	1	0.003871604823887012	0	0.996128395176113
	1	1.4058893235674035E-5	0	0.9999859411067642
	1	0.9558594587076459	0	0.04414054129235403
	1	0.9996016559142705	0	3.983440857293895E-4
	1	4.2755133249489736E-5	0	0.9999572448667505
	1	0.0012814256388805655	0	0.9987185743611193
	1	0.9827176324009831	0	0.017282367599017016
	1	0.9926853413047199	0	0.007314658695280088
	1	0.007241209201821701	0	0.9927587907981784
	1	3.0087385245121104E-5	0	0.9999699126147549
	1	1.3143647653303907E-4	0	0.999868563523467
	1	0.0022940072699324226	0	0.9977059927300675
	1	0.001214293154347775	0	0.9987857068456523
	1	5.6276192718276844E-6	0	0.9999943723807281
	1	0.9910221377382216	0	0.008977862261778404
	1	0.002625345471135461	0	0.9973746545288645
	1	0.001410341821894233	0	0.9985896581781057
	1	0.0040157913790007	0	0.9959842086209992
	1	0.0030875855922926827	0	0.9969124144077073
	1	2.881202780540174E-5	0	0.9999711879721946
	1	0.14819552356182802	0	0.851804476438172
	1	0.8055688669801385	0	0.19443113301986148
	1	4.417575782083018E-5	0	0.9999558242421791
	1	0.10699733111415748	0	0.8930026688858426
	1	0.0015794693791746492	0	0.9984205306208254
	1	0.998181952946813	0	0.00181804705318701
	1	6.199616667361609E-4	0	0.9993800383332638
	1	6.388170836595126E-4	0	0.9993611829163404
	1	0.002833396641835655	0	0.9971666033581643
	1	1.6024543063721135E-4	0	0.9998397545693628
	1	0.9853877240241761	0	0.014612275975823857
	1	5.707137318934689E-5	0	0.9999429286268107
	1	0.9909481219625967	0	0.00905187803740331
	1	0.9998817866148408	0	1.1821338515909268E-4
	1	0.06453036518231742	0	0.9354696348176826
	1	0.9829623371053217	0	0.017037662894678375
	1	0.9371544885842037	0	0.06284551141579633
	1	1.1455840658697285E-5	0	0.9999885441593414
	1	6.483795938757903E-5	0	0.9999351620406124
	1	0.9990910262587195	0	9.089737412805704E-4
	1	4.698203792926569E-4	0	0.9995301796207073
	1	0.9799050980138089	0	0.020094901986191085
	1	0.9873070405281484	0	0.012692959471851452
	1	0.8132928661002659	0	0.18670713389973417
	1	0.9463074973392951	0	0.053692502660704945
	1	6.334844752369723E-4	0	0.999366515524763
	1	0.005580719229190262	0	0.9944192807708097
	1	0.9946359812593153	0	0.005364018740684805
	1	0.9987366559149611	0	0.0012633440850390025
	1	0.974689699751944	0	0.025310300248055927
	1	0.9995669922152777	0	4.330077847223869E-4
	1	7.215827265218035E-4	0	0.9992784172734782
	1	0.0013583339012733355	0	0.9986416660987267
	1	0.9012497673729097	0	0.0987502326270902
	1	0.0030159627254500625	0	0.9969840372745499
	1	0.0012018853684607185	0	0.9987981146315393
	1	0.9897943387556154	0	0.010205661244384564
	1	0.05880269624180116	0	0.9411973037581989
	1	6.244068357532002E-4	0	0.9993755931642468
	1	0.9930830948768559	0	0.006916905123144158
	1	2.0171307409152205E-5	0	0.9999798286925909
	1	3.0233954888265433E-4	0	0.9996976604511173
	1	2.410064224622343E-5	0	0.9999758993577537
	1	0.9931986722366257	0	0.006801327763374154
	1	1.704462412208207E-5	0	0.999982955375878
	1	0.004022547664080138	0	0.9959774523359197
	1	0.9777974081997778	0	0.0222025918002223
	1	7.429451502497246E-4	0	0.9992570548497504
	1	0.9983655661397381	0	0.0016344338602619348
	1	0.9994394182201354	0	5.605817798645319E-4
	1	0.003344264796507804	0	0.9966557352034923
	1	5.14006365213381E-4	0	0.9994859936347866
	1	1.743675868394316E-5	0	0.9999825632413162
	1	2.3438390030854593E-5	0	0.9999765616099692
	1	0.012986010279918551	0	0.9870139897200814
	1	0.9906194404124731	0	0.009380559587527022
	1	0.0012139750693618656	0	0.9987860249306382
	1	0.9984347429248113	0	0.0015652570751888016
	1	1.274864658412715E-5	0	0.9999872513534159
	1	0.6686893733298913	0	0.33131062667010874
	1	1.0879895970602698E-5	0	0.9999891201040293
	1	0.9992962314599457	0	7.037685400541918E-4
	1	4.4074438976389295E-4	0	0.9995592556102362
	1	2.686689767760956E-5	0	0.9999731331023224
	1	1.552333590949762E-4	0	0.9998447666409049
	1	0.00555967333160221	0	0.9944403266683978
	1	2.271448010987216E-5	0	0.9999772855198901
	1	4.136043979882775E-4	0	0.9995863956020117
	1	2.686689767760956E-5	0	0.9999731331023224
	1	8.266963942254955E-4	0	0.9991733036057746
	1	7.247237185362086E-4	0	0.9992752762814637
	1	6.289456329412404E-5	0	0.9999371054367059
	1	1.2168606719526108E-5	0	0.9999878313932805
	1	0.762339186258078	0	0.2376608137419221
	1	3.084781131182678E-5	0	0.9999691521886882
	1	0.029112746405290973	0	0.970887253594709
	1	0.0010024341971335302	0	0.9989975658028665
	1	5.616877323372112E-5	0	0.9999438312267662
	1	1.5401227761898453E-5	0	0.9999845987722381
	1	0.0030774868703182354	0	0.9969225131296817
	1	0.9053205236036135	0	0.09467947639638644
	1	5.580165564436911E-5	0	0.9999441983443557
	1	0.010170190930414096	0	0.9898298090695858
	1	1.1335174302245276E-5	0	0.9999886648256977
	1	2.0826956101132767E-4	0	0.9997917304389887
	1	2.681304694541752E-5	0	0.9999731869530547
	1	0.998065696927768	0	0.001934303072231882
	1	1.8518363192781298E-5	0	0.9999814816368071
	1	0.9984230344475927	0	0.0015769655524072554
	1	0.9919251101319322	0	0.008074889868067847
	1	0.0015751438239252954	0	0.9984248561760746
	1	0.001610061551719205	0	0.9983899384482807
	1	6.370691873929621E-4	0	0.9993629308126072
	1	0.9483633219087974	0	0.051636678091202634
	1	0.9997928868138087	0	2.0711318619136623E-4
	1	3.6122375091246594E-5	0	0.9999638776249087
	1	2.3451196576531267E-5	0	0.9999765488034235
	1	0.9480606380553969	0	0.05193936194460305
	1	0.9787193658549658	0	0.02128063414503434
	1	2.716521247300173E-4	0	0.9997283478752699
	1	3.8432292619866495E-4	0	0.9996156770738014
	1	0.02299438241123397	0	0.977005617588766
	1	0.9951752048537921	0	0.004824795146207963
	1	0.9970306776734943	0	0.0029693223265057586
	1	0.9817481445286531	0	0.01825185547134693
	1	0.0018232229081824244	0	0.9981767770918176
	1	4.2293058965762635E-5	0	0.9999577069410341
	1	0.007142057345568473	0	0.9928579426544315
	1	0.9692061478008298	0	0.03079385219917019
	1	2.6856008729699772E-5	0	0.9999731439912702
	1	0.9999051745297081	0	9.482547029202933E-5
	1	4.4046147184037353E-4	0	0.9995595385281597
	1	0.0017090842014508556	0	0.9982909157985491
	1	9.210941356246643E-5	0	0.9999078905864376
	1	0.005525594234974577	0	0.9944744057650255
	1	2.1556404677490938E-5	0	0.9999784435953226
	1	1.531416880110282E-4	0	0.999846858311989
	1	0.9999417815547852	0	5.8218445214737775E-5
	1	3.350917812526298E-5	0	0.9999664908218748
	1	4.283367575736446E-5	0	0.9999571663242427
	1	0.9791145967421759	0	0.020885403257824006
	1	0.005114411737489217	0	0.9948855882625107
	1	0.9999057101319293	0	9.428986807060896E-5
	1	2.505596413590372E-5	0	0.999974944035864
	1	1.0594863557898691E-4	0	0.999894051364421
	1	3.099660085378449E-4	0	0.9996900339914622
	1	0.00819593151446843	0	0.9918040684855316
	1	0.8475268860893295	0	0.1524731139106706
	1	8.452669174227075E-5	0	0.9999154733082578
	1	3.499667750099408E-4	0	0.9996500332249901
	1	0.0075099153283181615	0	0.992490084671682
	1	0.0016916042905969525	0	0.998308395709403
	1	1.1763795963270891E-5	0	0.9999882362040368
	1	0.9762241427797942	0	0.023775857220205913
	1	0.9697748586398379	0	0.03022514136016212
	1	0.9822321470827927	0	0.017767852917207335
	1	7.3996291132769115E-6	0	0.9999926003708868
	1	0.0032113993501937717	0	0.9967886006498063
	1	0.968187537025276	0	0.03181246297472401
	1	1.694361641722281E-4	0	0.9998305638358277
	1	0.9487080224647866	0	0.05129197753521338
	1	6.576075911606669E-5	0	0.9999342392408839
	1	0.9870375851245401	0	0.0129624148754599
	1	0.993431562415623	0	0.006568437584376914
	1	0.9459685868947066	0	0.054031413105293455
	1	0.990458158842917	0	0.009541841157083005
	1	0.9949701787286881	0	0.005029821271311871
	1	0.9959025121895306	0	0.00409748781046928
	1	0.9790627014034072	0	0.020937298596592727
	1	0.993613070386971	0	0.006386929613028965
	1	2.303289293503176E-5	0	0.999976967107065
	1	0.9994482840261413	0	5.517159738586728E-4
	1	6.9964504025802E-5	0	0.9999300354959741
	1	0.017665562981954347	0	0.9823344370180458
	1	7.638248487794945E-6	0	0.9999923617515123
	1	7.193623870519318E-5	0	0.9999280637612948
	1	3.381248931463771E-5	0	0.9999661875106854
	1	7.038636626383083E-4	0	0.9992961363373618
	1	0.0060300118305772485	0	0.9939699881694227
	1	0.9850884842140558	0	0.014911515785944124
	1	0.018238916666731886	0	0.9817610833332682
	1	1.635548616876701E-5	0	0.9999836445138314
	1	2.4343000054930016E-5	0	0.9999756569999451
	1	1.7677960619507714E-5	0	0.9999823220393804
	1	0.999698759991274	0	3.0124000872610164E-4
	1	0.9545093309641914	0	0.045490669035808465
	1	0.011578317981481918	0	0.988421682018518
	1	1.3764050448072556E-5	0	0.9999862359495518
	1	0.9547069899722199	0	0.04529301002777999
	1	2.041609704082458E-4	0	0.9997958390295919
	1	0.9849967701036658	0	0.015003229896334227
	1	0.9859069489325529	0	0.01409305106744716
	1	0.8033075709692444	0	0.19669242903075562
	1	0.02439163994389904	0	0.975608360056101
	1	0.040368588750873034	0	0.9596314112491271
	1	0.9997330855742543	0	2.6691442574564245E-4
	1	7.90629625604711E-4	0	0.9992093703743953
	1	5.972936253400145E-4	0	0.9994027063746599
	1	0.009651299889204525	0	0.9903487001107953
	1	0.9252871183825934	0	0.07471288161740652
	1	0.05445159990344551	0	0.9455484000965545
	1	0.0028165013837483533	0	0.9971834986162517
	1	0.936580262158682	0	0.06341973784131806
	1	0.7125067640981982	0	0.28749323590180176
	1	0.9953063051774474	0	0.004693694822552679
	1	0.845764623668057	0	0.154235376331943
	1	0.25443711826198134	0	0.7455628817380187
	1	0.7471659988781566	0	0.2528340011218433
	1	0.4932339291356731	0	0.506766070864327
	1	0.9994510013560907	0	5.48998643909204E-4
	1	0.007406762640641838	0	0.9925932373593581
	1	0.031914167347495075	0	0.9680858326525048
	1	0.006297145383019719	0	0.9937028546169802
	1	1.0852582517987993E-4	0	0.9998914741748203
	1	0.0028163687167788625	0	0.9971836312832211
	1	0.7812477206922505	0	0.21875227930774951
	1	0.032132904207148795	0	0.9678670957928514
	1	0.0021994435583267747	0	0.9978005564416732
	1	0.0054527351877207714	0	0.9945472648122793
	1	0.9232112506981048	0	0.07678874930189529
	1	0.9742963853887558	0	0.025703614611244152
	1	0.0027736454735459164	0	0.997226354526454
	1	0.009388338739908493	0	0.9906116612600915
	1	0.9872699211974622	0	0.012730078802537872
	1	0.016733927437385873	0	0.9832660725626141
	1	0.010419195381983222	0	0.9895808046180168
	1	0.009141083106721511	0	0.9908589168932784
	1	0.8766488450634379	0	0.12335115493656201
	1	0.9999133436484567	0	8.665635154323474E-5
	1	0.10188874412360155	0	0.8981112558763984
	1	3.3208054013192677E-4	0	0.9996679194598681
	1	0.9992407347849016	0	7.592652150983512E-4
	1	1.6386663604237335E-5	0	0.9999836133363956
	1	1.9527658919271388E-4	0	0.9998047234108072
	1	0.0015531542686980794	0	0.9984468457313018
	1	6.816653784138938E-6	0	0.9999931833462159
	1	2.8170463428581064E-4	0	0.9997182953657142
	1	1.964682932924815E-5	0	0.9999803531706708
	1	1.387036136131481E-5	0	0.9999861296386386
	1	6.977315100464452E-4	0	0.9993022684899535
	1	0.9999058197645286	0	9.41802354714475E-5
	1	3.1325905061431E-4	0	0.9996867409493856
	1	0.9995136266685763	0	4.8637333142365443E-4
	1	0.9660535138519966	0	0.033946486148003455
	1	0.00829393668509912	0	0.991706063314901
	1	2.6314785338109572E-5	0	0.999973685214662
	1	0.5869531222848826	0	0.4130468777151174
	1	4.6627823277478955E-4	0	0.9995337217672251
	1	0.5958325817673028	0	0.4041674182326972
	1	6.417384705925829E-5	0	0.9999358261529406
	1	0.9491078642209919	0	0.050892135779007995
	1	0.011029460369282302	0	0.9889705396307177
	1	0.001506767743712133	0	0.9984932322562878
	1	3.820337178080839E-5	0	0.9999617966282193
	1	1.6381012399770238E-5	0	0.9999836189876004
	1	0.0025905204664407222	0	0.9974094795335593
	1	9.269912841507385E-4	0	0.9990730087158493
	1	0.9965968843308773	0	0.0034031156691226947
	1	0.8028322838104719	0	0.19716771618952808
	1	5.080337535766151E-4	0	0.9994919662464234
	1	1.921373036526433E-4	0	0.9998078626963472
	1	0.028100254626842222	0	0.9718997453731577
	1	0.9999862113362823	0	1.3788663717801365E-5
	1	0.09591931934293042	0	0.9040806806570696
	1	3.613345228677872E-4	0	0.9996386654771322
	1	1.4538941395624818E-5	0	0.9999854610586044
	1	0.929934029141582	0	0.07006597085841797
	1	4.2579855956983927E-4	0	0.9995742014404302
	1	1.150461368766105E-5	0	0.9999884953863123
	1	2.7130040463722436E-5	0	0.9999728699595364
	1	3.421346465462581E-5	0	0.9999657865353453
	1	0.9262696628757798	0	0.07373033712422017
	1	0.9980038760633078	0	0.0019961239366923654
	1	0.021719365087453812	0	0.9782806349125461
	1	0.9788327954404196	0	0.021167204559580384
	1	1.8470358157935253E-4	0	0.9998152964184206
	1	0.05775250202380572	0	0.9422474979761943
	1	0.9018840403085314	0	0.09811595969146865
	1	0.09392721604325883	0	0.9060727839567413
	1	0.991925563750353	0	0.008074436249646969
	1	0.0021171209282075257	0	0.9978828790717925
	1	0.002204338764223216	0	0.9977956612357768
	1	0.9997723364531637	0	2.276635468363961E-4
	1	1.2183891278740968E-4	0	0.9998781610872125
	1	0.04224422158158279	0	0.9577557784184172
	1	1.5304030177850156E-5	0	0.9999846959698223
	1	0.8766488450634379	0	0.12335115493656201
	1	0.9996035057483942	0	3.9649425160587275E-4
	1	0.9968543624089001	0	0.0031456375910999413
	1	6.197069010335338E-4	0	0.9993802930989664
	1	9.583525182828544E-4	0	0.9990416474817172
	1	0.9926853413047199	0	0.007314658695280088
	1	0.0636048912644996	0	0.9363951087355005
	1	0.8712033112722737	0	0.12879668872772643
	1	0.0030303688476699914	0	0.9969696311523301
	1	2.000341485571964E-5	0	0.9999799965851444
	1	1.4353590349339454E-5	0	0.9999856464096506
	1	2.6029666883139173E-5	0	0.9999739703331169
	1	7.706188966288249E-6	0	0.9999922938110337
	1	2.6029666883139173E-5	0	0.9999739703331169
	1	0.0014507220958580335	0	0.9985492779041419
	1	9.150403996274155E-5	0	0.9999084959600372
	1	9.293376517922875E-5	0	0.9999070662348208
	1	0.9831895210660933	0	0.016810478933906726
	1	8.104460987923315E-5	0	0.9999189553901208
	1	0.0041832637326108665	0	0.9958167362673891
	1	0.0631893542983214	0	0.9368106457016785
	1	0.10958125916091202	0	0.890418740839088
	1	4.358103229112598E-4	0	0.9995641896770888
	1	0.017218923692699003	0	0.982781076307301
	1	0.003038856172936752	0	0.9969611438270634
	1	1.4341870028871883E-4	0	0.9998565812997113
	1	0.9961628748769539	0	0.0038371251230462197
	1	0.0066702345266887435	0	0.9933297654733112
	1	0.9439805159467791	0	0.056019484053220825
	1	0.9988796328591645	0	0.0011203671408355357
	1	0.9156930065347165	0	0.08430699346528352
	1	0.4012521980777704	0	0.5987478019222295
	1	0.053163235524374367	0	0.9468367644756257
	1	0.9926853413047199	0	0.007314658695280088
	1	0.8768411821622458	0	0.12315881783775413
	1	0.0423052494232432	0	0.9576947505767568
	1	0.7433856180372868	0	0.25661438196271324
	1	0.9993716545744692	0	6.283454255307392E-4
	1	1.755272968295766E-4	0	0.9998244727031704
	1	0.9262037355235018	0	0.07379626447649812
	1	0.9989796314592838	0	0.0010203685407161444
	1	0.010868114693477053	0	0.9891318853065231
	1	5.9867990129058666E-5	0	0.9999401320098709
	1	0.9926853413047199	0	0.007314658695280088
	1	0.8006532262228708	0	0.19934677377712912
	1	1.6932234062292832E-5	0	0.9999830677659377
	1	5.15843468039006E-4	0	0.999484156531961
	1	0.8200637535043989	0	0.17993624649560114
	1	9.042141440940133E-4	0	0.999095785855906
	1	2.5753258296218302E-5	0	0.9999742467417038
	1	1.7223156904014877E-5	0	0.999982776843096
	1	2.0093910504561828E-5	0	0.9999799060894955
	1	0.006971946031610735	0	0.9930280539683893
	1	0.001859155025744394	0	0.9981408449742557
	1	2.867660252204004E-5	0	0.9999713233974779
	1	0.001318230170302602	0	0.9986817698296973
	1	6.850445910034198E-5	0	0.9999314955408997
	1	3.967365482254644E-4	0	0.9996032634517746
	1	0.9933109273480185	0	0.006689072651981498
	1	0.986409618934398	0	0.013590381065601873
	1	0.019254985679450328	0	0.9807450143205496
	1	0.9678022415171786	0	0.032197758482821234
	1	0.9039940037143303	0	0.09600599628566985
	1	0.9887996637523835	0	0.01120033624761645
	1	0.03728332555627629	0	0.9627166744437237
	1	3.948155100328244E-5	0	0.9999605184489966
	1	0.9102480409390026	0	0.08975195906099737
	1	0.027385869917894014	0	0.9726141300821058
	1	0.018872425786755815	0	0.9811275742132443
	1	5.588619872157958E-4	0	0.9994411380127841
	1	6.362613577511194E-4	0	0.9993637386422489
	1	0.002798316832604086	0	0.9972016831673959
	1	0.004243793245786597	0	0.9957562067542134
	1	1.4178100406103003E-5	0	0.9999858218995938
	1	0.9940954452946342	0	0.005904554705365886
	1	0.2865813314811863	0	0.7134186685188137
	1	0.9839306097324685	0	0.016069390267531472
	1	0.9833772795410983	0	0.016622720458901678
	1	0.9987095134249802	0	0.0012904865750198898
	1	0.006521925130119173	0	0.9934780748698809
	1	0.9645055649904143	0	0.03549443500958575
	1	4.403267041977856E-5	0	0.9999559673295801
	1	0.9897943387556154	0	0.010205661244384564
	1	0.9993279806794677	0	6.720193205322688E-4
	1	5.833548250476217E-4	0	0.9994166451749523
	1	0.9897943387556154	0	0.010205661244384564
	1	0.9993716545744692	0	6.283454255307392E-4
	1	2.4508440254069057E-4	0	0.9997549155974593
	1	0.0026682362870864445	0	0.9973317637129135
	1	0.0015973036275341254	0	0.9984026963724659
	1	8.779244051078944E-4	0	0.9991220755948921
	1	0.044860234051846665	0	0.9551397659481533
	1	3.0342796859813366E-4	0	0.9996965720314018
	1	1.0841118089300677E-5	0	0.9999891588819108
	1	5.615464958842852E-4	0	0.9994384535041156
	1	0.00414321697065667	0	0.9958567830293432
	1	0.0016376916839239387	0	0.998362308316076
	1	0.9999631938845425	0	3.68061154575638E-5
	1	0.013400168080889577	0	0.9865998319191104
	1	0.009733193639181658	0	0.9902668063608184
	1	8.094428679962867E-4	0	0.9991905571320038
	1	0.0025120812056949895	0	0.997487918794305
	1	0.9986887098693689	0	0.001311290130631242
	1	8.247156662635E-6	0	0.9999917528433374
	1	0.0018612124438532889	0	0.9981387875561467
	1	0.020949542430579587	0	0.9790504575694204
	1	0.08265996120704285	0	0.9173400387929571
	1	0.020410372089192826	0	0.9795896279108073
	1	1.908440045549662E-4	0	0.9998091559954451
	1	0.13117740959985555	0	0.8688225904001444
	1	3.409258808034571E-4	0	0.9996590741191965
	1	0.016203683102708887	0	0.983796316897291
	1	0.002987887146294648	0	0.9970121128537054
	1	0.39927840028964295	0	0.6007215997103571
	1	0.34853812378649385	0	0.6514618762135063
	1	0.021105006879408167	0	0.9788949931205919
	1	0.9797641717658557	0	0.020235828234144274
	1	0.9931716143790815	0	0.006828385620918512
	1	0.0041061824761965725	0	0.9958938175238033
	1	0.025262941959435403	0	0.9747370580405647
	1	5.942799644045652E-4	0	0.9994057200355954
	1	1.694575442485872E-5	0	0.999983054245575
	1	0.9676870204185875	0	0.032312979581412604
	1	0.49256761643939134	0	0.5074323835606087
	1	0.005192910497348255	0	0.9948070895026518
	1	0.0015534087669106006	0	0.9984465912330894
	1	7.277889861926728E-5	0	0.9999272211013808
	1	0.004631616269439539	0	0.9953683837305604
	1	0.9893721524106968	0	0.01062784758930328
	1	0.9991350902177472	0	8.649097822529523E-4
	1	1.0574388500265831E-5	0	0.9999894256114997
	1	0.9506699579691984	0	0.04933004203080165
	1	7.995699016508462E-4	0	0.9992004300983491
	1	3.769196651566137E-4	0	0.9996230803348434
	1	0.029233681079765456	0	0.9707663189202346
	1	0.004419266389886756	0	0.9955807336101131
	1	0.9781367301843984	0	0.02186326981560157
	1	8.711823349356835E-4	0	0.9991288176650643
	1	0.9993681607636824	0	6.318392363175267E-4
	1	0.7697205658358947	0	0.23027943416410543
	1	7.121123993306363E-6	0	0.9999928788760066
	1	0.016419151091359857	0	0.9835808489086402
	1	2.7923253623388265E-5	0	0.9999720767463767
	1	0.005299913386571105	0	0.9947000866134288
	1	1.9141174933455046E-4	0	0.9998085882506655
	1	0.9991046919327821	0	8.953080672178671E-4
	1	8.25561856568542E-4	0	0.9991744381434314
	1	0.002550565405572778	0	0.9974494345944273
	1	0.0019810817439625977	0	0.9980189182560373
	1	0.9597297335536095	0	0.04027026644639059
	1	0.986703528837828	0	0.013296471162172018
	1	6.399993976056034E-4	0	0.9993600006023944
	1	3.212730984746649E-5	0	0.9999678726901526
	1	3.397644981995872E-5	0	0.9999660235501799
	1	0.07896241475260125	0	0.9210375852473988
	1	0.003635005751410693	0	0.9963649942485894
	1	2.058223138335629E-5	0	0.9999794177686167
	1	1.8040804984962613E-5	0	0.999981959195015
	1	0.8778598356203324	0	0.12214016437966758
	1	0.0010328485664696848	0	0.9989671514335303
	1	0.006110495251760462	0	0.9938895047482396
	1	0.002185420862021634	0	0.9978145791379784
	1	0.990966258634246	0	0.009033741365753857
	1	6.181879840469658E-4	0	0.9993818120159531
	1	0.008395213718572853	0	0.9916047862814271
	1	7.128345588446684E-5	0	0.9999287165441155
	1	5.296477789122774E-4	0	0.9994703522210876
	1	0.004845577184516655	0	0.9951544228154833
	1	1.4355796170231763E-4	0	0.9998564420382976
	1	0.003884545223075409	0	0.9961154547769245
	1	0.03054115673101449	0	0.9694588432689855
	1	1.8184455144194046E-5	0	0.9999818155448557
	1	0.02498147287353559	0	0.9750185271264645
	1	0.9997542799182699	0	2.457200817302322E-4
	1	0.013420710988078226	0	0.9865792890119218
	1	0.9909819191388374	0	0.009018080861162613
	1	0.7551490340924774	0	0.24485096590752253
	1	8.368347186069858E-4	0	0.999163165281393
	1	0.9564906890130697	0	0.04350931098693034
	1	1.8781325487047856E-4	0	0.9998121867451295
	1	2.2685738445434668E-4	0	0.9997731426155456
	1	1.0006201122443517E-5	0	0.9999899937988774
	1	0.001009472079350155	0	0.9989905279206499
	1	0.05684108489179934	0	0.9431589151082006
	1	0.9875059549453461	0	0.012494045054653896
	1	0.004453873252291789	0	0.9955461267477083
	1	5.799953859067454E-4	0	0.9994200046140933
	1	9.622373565001903E-6	0	0.9999903776264351
	1	0.998683375344721	0	0.0013166246552790421
	1	4.759446983268293E-4	0	0.9995240553016731
	1	0.991183018988207	0	0.008816981011792967
	1	2.8132860562720657E-5	0	0.9999718671394372
	1	0.9999050425644885	0	9.495743551136885E-5
	1	0.9926853413047199	0	0.007314658695280088
	1	0.001851827791232168	0	0.998148172208768
	1	0.0011114916266665505	0	0.9988885083733334
	1	0.9999169807240778	0	8.301927592226701E-5
	1	0.9969478349533306	0	0.0030521650466693684
	1	0.8153120861894564	0	0.18468791381054367
	1	1.531724535132707E-5	0	0.9999846827546487
	1	1.6213024882467093E-4	0	0.9998378697511752
	1	3.5645029339314525E-4	0	0.999643549706607
	1	0.002553819794775803	0	0.9974461802052242
	1	1.3464340025324058E-5	0	0.9999865356599748
	1	0.9733246365597529	0	0.026675363440247214
	1	0.9996219889434433	0	3.780110565566262E-4
	1	1.3039071592310825E-5	0	0.9999869609284076
	1	2.7357745331563448E-5	0	0.9999726422546685
	1	0.0035172584663441748	0	0.9964827415336558
	1	1.1352791604356588E-5	0	0.9999886472083956
	1	0.008135899342743308	0	0.9918641006572566
	1	1.006562975591462E-5	0	0.9999899343702442
	1	0.0010330581901215954	0	0.9989669418098783
	1	2.529815898014261E-4	0	0.9997470184101985
	1	0.9999169807240778	0	8.301927592226701E-5
	1	0.931693271836554	0	0.06830672816344595
	1	0.005539276213482401	0	0.9944607237865177
	1	0.8566517090059297	0	0.14334829099407018
	1	1.2084622094234467E-5	0	0.9999879153779057
	1	0.9993982262183319	0	6.017737816681229E-4
	1	0.1368785824235472	0	0.8631214175764528
	1	0.9984197650938145	0	0.0015802349061854006
	1	0.3443636684183643	0	0.6556363315816356
	1	0.9995884005624507	0	4.115994375493567E-4
	1	1.2297549121570966E-5	0	0.9999877024508784
	1	0.9919132706625206	0	0.008086729337479389
	1	0.20598412207139558	0	0.7940158779286045
	1	7.736029330440999E-4	0	0.999226397066956
	1	0.015234540030810135	0	0.98476545996919
	1	0.8333576597029222	0	0.16664234029707772
	1	0.0013073892005611462	0	0.9986926107994389
	1	0.011020371950135457	0	0.9889796280498645
	1	0.0017895158964066952	0	0.9982104841035934
	1	1.896579782663391E-5	0	0.9999810342021733
	1	0.03543643600409311	0	0.9645635639959068
	1	3.470641413859966E-5	0	0.9999652935858615
	1	1.149991205869253E-5	0	0.9999885000879414
	1	0.002680753297426847	0	0.9973192467025732
	1	1.6273687161341627E-5	0	0.9999837263128387
	1	3.72041935918758E-5	0	0.9999627958064082
	1	2.0717827514327598E-4	0	0.9997928217248566
	1	0.991183018988207	0	0.008816981011792967
	1	0.002878163145114604	0	0.9971218368548853
	1	1.928756027427562E-5	0	0.9999807124397259
	1	4.4780090833046584E-6	0	0.9999955219909167
	1	1.424823150586554E-4	0	0.9998575176849414
	1	0.0018593446739594572	0	0.9981406553260405
	1	0.9334119482156737	0	0.06658805178432625
	1	0.0026302219014353225	0	0.9973697780985646
	1	0.9992925531376139	0	7.074468623860544E-4
	1	0.9917372585019405	0	0.008262741498059487
	1	0.0038435425441524724	0	0.9961564574558476
	1	1.2891640186535913E-5	0	0.9999871083598134
	1	0.9972605513941041	0	0.0027394486058959135
	1	0.009505868988183005	0	0.990494131011817
	1	1.3988866764314913E-5	0	0.9999860111332356
	1	1.103806629593181E-5	0	0.999988961933704
	1	0.9999134765505002	0	8.652344949979631E-5
	1	0.02017658311174457	0	0.9798234168882554
	1	1.720013494249568E-5	0	0.9999827998650576
	1	0.9975086222277484	0	0.002491377772251491
	1	0.002560008891578107	0	0.9974399911084219
	1	0.9407941948529913	0	0.05920580514700868
	1	0.9983078568688627	0	0.0016921431311373654
	1	2.946148861649431E-4	0	0.9997053851138351
	1	8.837912372365561E-4	0	0.9991162087627635
	1	3.668267522438103E-5	0	0.9999633173247757
	1	0.05568194653113044	0	0.9443180534688695
	1	0.9987366559149611	0	0.0012633440850390025
	1	3.2867823183472365E-5	0	0.9999671321768165
	1	0.008387893817137369	0	0.9916121061828626
	1	0.0012405672820153535	0	0.9987594327179846
	1	2.4297059019697625E-5	0	0.9999757029409803
	1	5.325221155854959E-4	0	0.9994674778844146
	1	0.043353004502236794	0	0.9566469954977632
	1	1.9109115436864582E-5	0	0.9999808908845631
	1	1.5992303472771586E-5	0	0.9999840076965272
	1	1.4712562452483736E-5	0	0.9999852874375474
	1	0.005178732806266836	0	0.9948212671937332
	1	0.0017204483771038014	0	0.9982795516228962
	1	0.04461452970009526	0	0.9553854702999047
	1	5.981839212957159E-4	0	0.9994018160787043
	1	0.002363158546370673	0	0.9976368414536294
	1	3.429303832507706E-5	0	0.999965706961675
	1	1.373279777138035E-4	0	0.9998626720222861
	1	0.9909409981778493	0	0.009059001822150756
	1	2.654999337108467E-5	0	0.999973450006629
	1	0.0015978806227048223	0	0.9984021193772952
	1	0.971032525770499	0	0.028967474229500887
	1	0.005572290985017903	0	0.994427709014982
	1	0.9618708024739404	0	0.03812919752605949
	1	3.6911457797298964E-5	0	0.9999630885422027
	1	0.005395029671083051	0	0.994604970328917
	1	6.566897074407776E-4	0	0.9993433102925593
	1	2.7242514188168065E-5	0	0.9999727574858117
	1	0.0010134304429664264	0	0.9989865695570335
	1	0.9999639150415747	0	3.608495842532396E-5
	1	2.2567708596984345E-5	0	0.9999774322914029
	1	0.9244569932751074	0	0.07554300672489249
	1	0.0015670809142315006	0	0.9984329190857684
	1	0.9887650910261357	0	0.011234908973864338
	1	3.704121584383715E-5	0	0.9999629587841562
	1	8.154770527162312E-4	0	0.9991845229472838
	1	1.684980839898748E-5	0	0.9999831501916009
	1	0.25960460541983077	0	0.7403953945801692
	1	0.03192212193979963	0	0.9680778780602004
	1	0.13379036532829205	0	0.866209634671708
	1	0.0038222036511560737	0	0.996177796348844
	1	1.323446971177505E-4	0	0.9998676553028821
	1	0.03824514272090443	0	0.9617548572790956
	1	0.9674998649755299	0	0.032500135024470134
	1	0.8014620341078877	0	0.19853796589211228
	1	0.023886588372902362	0	0.9761134116270975
	1	0.9725902724068963	0	0.027409727593103738
	1	5.863032101577316E-4	0	0.9994136967898424
	1	1.4702540765523933E-4	0	0.9998529745923448
	1	1.8430665074577043E-5	0	0.9999815693349255
	1	0.006488563999899747	0	0.9935114360001003
	1	7.895262228657866E-4	0	0.9992104737771342
	1	8.027682345791962E-5	0	0.999919723176542
	1	0.9910221377382216	0	0.008977862261778404
	1	0.0017701930567655805	0	0.9982298069432344
	1	0.9942780458606836	0	0.00572195413931639
	1	3.0549424907775816E-4	0	0.9996945057509223
	1	8.046607057760382E-4	0	0.999195339294224
	1	1.126350374659287E-4	0	0.9998873649625342
	1	1.2013900898627644E-5	0	0.9999879860991013
	1	0.9914197288295054	0	0.008580271170494737
	1	0.0011414693411192136	0	0.9988585306588809
	1	2.296988896686831E-5	0	0.9999770301110331
	1	1.6364835040149398E-5	0	0.9999836351649598
	1	1.1972282982167794E-4	0	0.9998802771701784
	1	0.998181952946813	0	0.00181804705318701
	1	0.9986887098693689	0	0.001311290130631242
	1	5.862993905950419E-4	0	0.9994137006094048
	1	0.008276795972962518	0	0.9917232040270374
	1	0.003440729984333507	0	0.9965592700156664
	1	0.0014096215984191324	0	0.9985903784015808
	1	0.003113908369675562	0	0.9968860916303244
	1	0.030710204259721072	0	0.9692897957402788
	1	3.015353665297564E-5	0	0.999969846463347
	1	0.9188981006405689	0	0.08110189935943111
	1	0.9996040995425898	0	3.9590045741018105E-4
	1	2.6085584009921418E-5	0	0.99997391441599
	1	0.9997655321577058	0	2.3446784229414012E-4
	1	0.9991504442330936	0	8.495557669062873E-4
	1	8.854728052527275E-5	0	0.9999114527194747
	1	1.2797151003079181E-5	0	0.9999872028489969
	1	0.008985393567938604	0	0.9910146064320613
	1	1.5882553588784654E-5	0	0.9999841174464112
	1	0.9231686775757736	0	0.07683132242422645
	1	0.006586756275937919	0	0.9934132437240621
	1	0.9575462355423999	0	0.0424537644576001
	1	7.207699349709557E-4	0	0.9992792300650292
	1	7.473448743794589E-4	0	0.9992526551256204
	1	7.330018989590818E-5	0	0.9999266998101041
	1	0.619237928449066	0	0.38076207155093394
	1	0.007078439379630584	0	0.9929215606203694
	1	0.0013334551767721578	0	0.9986665448232279
	1	3.2694113447291426E-5	0	0.9999673058865528
	1	1.4939215955968554E-4	0	0.9998506078404402
	1	0.0011361456669403737	0	0.9988638543330596
	1	0.001597134769484149	0	0.9984028652305159
	1	3.6401510123924045E-5	0	0.9999635984898759
	1	1.0838260882936488E-5	0	0.999989161739117
	1	0.4903850466306982	0	0.5096149533693017
	1	0.043368323896082056	0	0.9566316761039181
	1	5.75604054906837E-4	0	0.9994243959450932
	1	0.9875305600714592	0	0.012469439928540752
	1	0.04121476821192888	0	0.9587852317880712
	1	1.4675315812753686E-5	0	0.9999853246841873
	1	0.9910221377382216	0	0.008977862261778404
	1	0.0015225159209172386	0	0.9984774840790829
	1	0.9969168328313635	0	0.0030831671686364697
	1	3.050763825351054E-4	0	0.9996949236174649
	1	0.011916980663288059	0	0.9880830193367119
	1	3.288019918550417E-4	0	0.999671198008145
	1	7.203919386162186E-4	0	0.9992796080613838
	1	0.9999701362882196	0	2.986371178043297E-5
	1	0.001167687991479905	0	0.9988323120085202
	1	3.327147440928684E-4	0	0.9996672852559072
	1	0.996986999513876	0	0.0030130004861240404
	1	5.788456361616311E-5	0	0.9999421154363838
	1	0.0017421332786582188	0	0.9982578667213418
	1	7.6238652287851915E-6	0	0.9999923761347711
	1	4.442376814040131E-5	0	0.9999555762318597
	1	0.08792039480756968	0	0.9120796051924304
	1	4.1445335315834785E-5	0	0.9999585546646841
	1	0.025407246609566083	0	0.9745927533904339
	1	4.8795731126897234E-5	0	0.9999512042688731
	1	3.2112964209504225E-5	0	0.9999678870357905
	1	3.293947062977475E-4	0	0.9996706052937023
	1	0.006733916638104761	0	0.9932660833618951
	1	9.619874639621978E-6	0	0.9999903801253605
	1	8.834295583875607E-5	0	0.9999116570441613
	1	0.9603030236643374	0	0.039696976335662604
	1	2.1710235717388205E-5	0	0.9999782897642826
	1	0.9944051513030052	0	0.005594848696994855
	1	0.0015089972004330775	0	0.9984910027995669
	1	0.2542231407926958	0	0.7457768592073041
	1	0.9722319078154051	0	0.027768092184594795
	1	0.9991350902177472	0	8.649097822529523E-4
	1	0.9999861230707038	0	1.3876929296264891E-5
	1	7.239194375614559E-5	0	0.9999276080562437
	1	5.167149041013506E-6	0	0.9999948328509589
	1	6.519431045850614E-4	0	0.9993480568954151
	1	0.3536826714171242	0	0.6463173285828759
	1	0.0056759639625004	0	0.9943240360374996
	1	0.01912317575012371	0	0.9808768242498762
	1	0.5313079534398205	0	0.4686920465601795
	1	0.0010315840267193493	0	0.9989684159732807
	1	0.09405476237889837	0	0.9059452376211017
	1	0.0056602886206632876	0	0.9943397113793367
	1	0.0037238439849988036	0	0.9962761560150012
	1	2.721244637811366E-5	0	0.999972787553622
	1	0.9622214728174097	0	0.037778527182590387
	1	7.769351485347224E-5	0	0.9999223064851466
	1	0.9936141190736294	0	0.006385880926370659
	1	1.3669856968311701E-5	0	0.9999863301430317
	1	2.4616125535605778E-5	0	0.9999753838744644
	1	1.71756608593486E-5	0	0.9999828243391405
	1	0.0033006853236750007	0	0.9966993146763249
	1	0.9689656392818442	0	0.031034360718155695
	1	7.16160347283006E-4	0	0.999283839652717
	1	0.9789279556858452	0	0.02107204431415477
	1	0.9839306097324685	0	0.016069390267531472
	1	0.9415724119000046	0	0.05842758809999546
	1	3.7878095690681356E-6	0	0.999996212190431
	1	0.001585752721172255	0	0.9984142472788278
	1	5.636685240185216E-4	0	0.9994363314759814
	1	0.0029956875627290044	0	0.9970043124372711
	1	2.816538801988672E-4	0	0.9997183461198011
	1	0.0016928769434671521	0	0.9983071230565329
	1	8.82944726489332E-5	0	0.999911705527351
	1	1.9820321645780248E-5	0	0.9999801796783542
	1	9.807985979017062E-4	0	0.9990192014020983
	1	1.485092258099564E-5	0	0.999985149077419
	1	0.3789760048549495	0	0.6210239951450505
	1	9.461569681651555E-4	0	0.999053843031835
	1	9.659401244799472E-4	0	0.99903405987552
	1	0.003551422072841616	0	0.9964485779271585
	1	1.181132949060268E-5	0	0.9999881886705094
	1	0.9841805234670614	0	0.015819476532938588
	1	1.1447467318066421E-4	0	0.9998855253268194
	1	5.751118162061962E-5	0	0.9999424888183793
	1	5.320357067254066E-4	0	0.9994679642932746
	1	0.7737678719248304	0	0.22623212807516951
	1	0.0018057331441763995	0	0.9981942668558235
	1	0.001066447013802375	0	0.9989335529861977
	1	0.001036020475918339	0	0.9989639795240817
	1	0.003149978708685401	0	0.9968500212913146
	1	1.1782362830604581E-4	0	0.9998821763716939
	1	1.4920182230542287E-4	0	0.9998507981776946
	1	0.0010348096922178423	0	0.9989651903077821
	1	0.026013362947390345	0	0.9739866370526098
	1	0.9197024970420075	0	0.08029750295799253
	1	0.9926853413047199	0	0.007314658695280088
	1	0.9973364122303309	0	0.0026635877696690284
	1	0.06537548875068801	0	0.9346245112493121
	1	0.9460485546389412	0	0.053951445361058774
	1	0.9404079534155152	0	0.059592046584484824
	1	0.9195691880813888	0	0.08043081191861119
	1	0.001483082076719632	0	0.9985169179232803
	1	0.005675361814339411	0	0.9943246381856606
	1	0.6498905453420716	0	0.3501094546579283
	1	0.9319971985084307	0	0.06800280149156933
	1	0.9737666573153027	0	0.026233342684697264
	1	9.026243391724111E-4	0	0.9990973756608276
	1	0.0028786232493861245	0	0.9971213767506139
	1	0.0010394262429782336	0	0.9989605737570216
	1	0.0011190483285898616	0	0.9988809516714102
	1	5.672327779993236E-4	0	0.9994327672220008
	1	0.9926853413047199	0	0.007314658695280088
	1	2.1548204305151114E-4	0	0.9997845179569486
	1	4.0853598528043235E-4	0	0.9995914640147195
	1	0.9937008833981078	0	0.006299116601892276
	1	0.8515757330485825	0	0.14842426695141747
	1	0.9156359998919688	0	0.0843640001080312
	1	0.9863183159377629	0	0.0136816840622372
	1	0.0010013904266054248	0	0.9989986095733946
	1	0.002656171501776297	0	0.9973438284982237
	1	0.8766488450634379	0	0.12335115493656201
	1	0.02141010574803036	0	0.9785898942519697
	1	0.8678495531702404	0	0.13215044682975965
	1	0.13105391565189387	0	0.868946084348106
	1	0.002102296900638386	0	0.9978977030993617
	1	0.9905982964619163	0	0.009401703538083653
	1	0.9613711349906511	0	0.038628865009348944
	1	0.9471413792451454	0	0.05285862075485467
	1	9.911386572065888E-4	0	0.9990088613427934
	1	9.911386572065888E-4	0	0.9990088613427934
	1	0.984790139821833	0	0.015209860178166989
	1	2.521619313792909E-4	0	0.9997478380686208
	1	1.2355575829274716E-4	0	0.9998764442417072
	1	3.257011116193069E-4	0	0.9996742988883807
	1	5.2117513840998535E-5	0	0.9999478824861591
	1	0.004174412068571653	0	0.9958255879314283
	1	2.521619313792909E-4	0	0.9997478380686208
	1	1.5777408062226164E-4	0	0.9998422259193778
	1	3.276745702464439E-4	0	0.9996723254297536
	1	0.9671398106601342	0	0.03286018933986589
	1	2.366008957449337E-5	0	0.9999763399104256
	1	2.02754221479987E-4	0	0.99979724577852
	1	8.77669156377793E-4	0	0.9991223308436222
	1	0.070501264301871	0	0.9294987356981291
	1	0.0013803241957126152	0	0.9986196758042873
	1	0.009581243884571952	0	0.9904187561154281
	1	0.9212570944147089	0	0.07874290558529104
	1	0.03231412477797204	0	0.967685875222028
	1	0.002674143424055529	0	0.9973258565759444
	1	4.080990264485118E-5	0	0.9999591900973552
	1	4.314958838118007E-6	0	0.9999956850411619
	1	8.744385879105937E-6	0	0.9999912556141209
	1	2.481714320564289E-5	0	0.9999751828567943
	1	0.9998763473363835	0	1.2365266361642988E-4
	1	0.1539301390748858	0	0.8460698609251142
	1	3.317842007809438E-5	0	0.999966821579922
	1	0.027670945687747386	0	0.9723290543122527
	1	0.0020709283076001885	0	0.9979290716923997
	1	0.9855882158885886	0	0.014411784111411427
	1	0.9308622366183856	0	0.06913776338161431
	1	0.9598868474957956	0	0.04011315250420442
	1	0.9988219623657122	0	0.0011780376342877665
	1	0.005494180179464537	0	0.9945058198205354
	1	0.640150209260878	0	0.35984979073912193
	1	0.002888015235841392	0	0.9971119847641586
	1	0.9445304289370773	0	0.055469571062922815
	1	0.9999191476622287	0	8.085233777123914E-5
	1	3.92129849628425E-5	0	0.9999607870150372
	1	1.6314380113917107E-4	0	0.9998368561988608
	1	0.9213403843820611	0	0.07865961561793895
	1	0.0074736749942896806	0	0.9925263250057103
	1	3.771414048838717E-4	0	0.999622858595116
	1	0.0023390629950687395	0	0.9976609370049313
	1	0.0010909237874561343	0	0.9989090762125439
	1	0.9986887098693689	0	0.001311290130631242
	1	0.9805910275537117	0	0.019408972446288232
	1	0.811810229834178	0	0.18818977016582197
	1	1.2355575829274716E-4	0	0.9998764442417072
	1	3.257011116193069E-4	0	0.9996742988883807
	1	0.9991997909646295	0	8.00209035370476E-4
	1	0.6256946424394584	0	0.3743053575605416
	1	1.4272734405403194E-5	0	0.9999857272655946
	1	1.4547854167095252E-4	0	0.999854521458329
	1	0.9269334145783378	0	0.07306658542166222
	1	0.9536225897683593	0	0.04637741023164073
	1	0.9805910275537117	0	0.019408972446288232
	1	0.0050491882196818175	0	0.9949508117803182
	1	0.005430064611518491	0	0.9945699353884815
	1	2.3275213815172656E-5	0	0.9999767247861848
	1	0.010699984477398639	0	0.9893000155226014
	1	1.1811488473738152E-4	0	0.9998818851152627
	1	1.9781933547314488E-4	0	0.9998021806645268
	1	0.9973470911205943	0	0.0026529088794057846
	1	0.9405950102350717	0	0.05940498976492822
	1	0.7067495769399698	0	0.29325042306003024
	1	0.0033969801062434775	0	0.9966030198937565
	1	0.0027413888813587538	0	0.9972586111186411
	1	0.99371176380903	0	0.006288236190970038
	1	1.4265094052528793E-5	0	0.9999857349059474
	1	0.9973400718806434	0	0.0026599281193565817
	1	0.032622398014190875	0	0.967377601985809
	1	0.001434352351739264	0	0.9985656476482608
	1	0.9903253280729001	0	0.009674671927099789
	1	0.0012637105847823828	0	0.9987362894152175
	1	4.525954148456492E-4	0	0.9995474045851543
	1	0.9998691585358267	0	1.3084146417339208E-4
	1	2.3249831398963127E-5	0	0.9999767501686011
	1	1.0795522665871592E-5	0	0.9999892044773342
	1	0.019637712984317796	0	0.9803622870156822
	1	0.7355505209506104	0	0.26444947904938965
	1	0.11341789684239045	0	0.8865821031576097
	1	0.019495034535338896	0	0.9805049654646611
	1	3.23176875450879E-4	0	0.9996768231245492
	1	2.0511306899160088E-5	0	0.9999794886931008
	1	3.128692095853999E-5	0	0.9999687130790416
	1	9.73133326728908E-6	0	0.9999902686667328
	1	1.160801152349958E-5	0	0.9999883919884764
	1	0.516322008182178	0	0.48367799181782195
	1	0.0038517018077207413	0	0.9961482981922792
	1	0.9592673295589199	0	0.040732670441080046
	1	0.00649577188465727	0	0.9935042281153427
	1	5.0781979510274194E-5	0	0.9999492180204896
	1	1.864092337683473E-5	0	0.9999813590766231
	1	0.04177619662331766	0	0.9582238033766823
	1	2.581163938433052E-4	0	0.9997418836061566
	1	0.7535352360549183	0	0.24646476394508168
	1	0.9920300261076299	0	0.007969973892370147
	1	4.8045829526673333E-4	0	0.9995195417047332
	1	2.98673974008046E-4	0	0.9997013260259919
	1	0.8845217772157741	0	0.11547822278422598
	1	0.003920319048814283	0	0.9960796809511857
	1	1.7240323583169534E-5	0	0.9999827596764169
	1	0.002596738578293236	0	0.9974032614217068
	1	2.0953773046020421E-4	0	0.9997904622695398
	1	0.8540545693010035	0	0.14594543069899638
	1	0.007678226830741191	0	0.9923217731692587
	1	0.011755190286617269	0	0.9882448097133828
	1	0.9929250758890044	0	0.00707492411099563
	1	1.543238679448907E-5	0	0.9999845676132056
	1	8.585150543730102E-4	0	0.9991414849456269
	1	0.07586408011384373	0	0.9241359198861563
	1	0.07892765495131665	0	0.9210723450486833
	1	0.006536130849009739	0	0.9934638691509904
	1	0.020258399348868476	0	0.9797416006511314
	1	0.03534432009607561	0	0.9646556799039243
	1	0.9873713499925835	0	0.012628650007416543
	1	2.3929393322223065E-5	0	0.9999760706066779
	1	0.0032880118513887065	0	0.9967119881486112
	1	6.836052228095134E-4	0	0.9993163947771905
	1	6.52702284436988E-4	0	0.999347297715563
	1	4.024881283559436E-5	0	0.9999597511871643
	1	0.007162719592396194	0	0.9928372804076038
	1	1.1260939874630864E-5	0	0.9999887390601253
	1	0.9803112962694049	0	0.019688703730595166
	1	0.0027115194834640417	0	0.997288480516536
	1	1.2083029481478105E-5	0	0.9999879169705185
	1	7.367236191544822E-4	0	0.9992632763808454
	1	1.8877131620059655E-5	0	0.99998112286838
	1	5.976893618496789E-4	0	0.9994023106381502
	1	3.312776793384879E-4	0	0.9996687223206615
	1	0.4209542445902051	0	0.5790457554097949
	1	0.0010604061868215336	0	0.9989395938131785
	1	0.0023217841657169184	0	0.9976782158342831
	1	0.006436531348686636	0	0.9935634686513135
	1	4.991241513506785E-4	0	0.9995008758486493
	1	0.01841785322047874	0	0.9815821467795212
	1	0.970165690559017	0	0.02983430944098302
	1	0.999954165623558	0	4.583437644193454E-5
	1	1.3058481152961144E-4	0	0.9998694151884703
	1	0.008449807732939272	0	0.9915501922670606
	1	2.0004449942184177E-4	0	0.9997999555005781
	1	1.198504418844538E-4	0	0.9998801495581154
	1	6.237241706164151E-4	0	0.9993762758293836
	1	2.2890118267691954E-4	0	0.9997710988173231
	1	0.003936135467134156	0	0.996063864532866
	1	0.0018752177116704099	0	0.9981247822883295
	1	2.6110770416214953E-5	0	0.9999738892295837
	1	0.9909195006217327	0	0.009080499378267298
	1	0.009526775595879533	0	0.9904732244041206
	1	1.0573450962165888E-5	0	0.9999894265490379
	1	0.001072318624398252	0	0.9989276813756017
	1	2.161968419716203E-5	0	0.9999783803158028
	1	3.1095493054226604E-5	0	0.9999689045069456
	1	6.320628506609336E-4	0	0.9993679371493391
	1	0.0011535319522631305	0	0.9988464680477369
	1	1.9790475739609592E-4	0	0.9998020952426039
	1	0.9943183231820477	0	0.0056816768179522616
	1	1.0808247643588794E-5	0	0.9999891917523565
	1	3.677247784918532E-5	0	0.9999632275221507
	1	1.1936130097653482E-4	0	0.9998806386990234
	1	1.2112610516759732E-4	0	0.9998788738948324
	1	1.5462337997354255E-5	0	0.9999845376620027
	1	5.849292751248335E-4	0	0.9994150707248752
	1	1.1953956965804549E-4	0	0.9998804604303418
	1	0.44306652469260654	0	0.5569334753073936
	1	4.534289195683183E-5	0	0.9999546571080431
	1	3.262992072355789E-5	0	0.9999673700792764
	1	0.0012369815229815431	0	0.9987630184770184
	1	0.9997685279762284	0	2.314720237716891E-4
	1	3.534442542609489E-4	0	0.9996465557457391
	1	3.8812511002822206E-4	0	0.9996118748899717
	1	0.0019886494317264106	0	0.9980113505682735
	1	9.245795060769904E-5	0	0.9999075420493924
	1	0.9558594587076459	0	0.04414054129235403
	1	8.723221226877959E-5	0	0.9999127677877313
	1	0.016122389133524893	0	0.9838776108664751
	1	1.6630672573033625E-5	0	0.9999833693274269
	1	0.0833867994639723	0	0.9166132005360277
	1	0.0037651295063378014	0	0.9962348704936622
	1	1.218158125833171E-5	0	0.9999878184187417
	1	0.9924740202332656	0	0.007525979766734333
	1	0.02073476491450509	0	0.9792652350854948
	1	1.8506705251020786E-5	0	0.9999814932947491
	1	0.999109495848361	0	8.905041516390879E-4
	1	6.028314031217911E-4	0	0.9993971685968781
	1	1.989935604092243E-4	0	0.9998010064395908
	1	0.04565987029987174	0	0.9543401297001283
	1	0.9999861230707038	0	1.3876929296264891E-5
	1	1.319977948620624E-4	0	0.9998680022051378
	1	1.624363306888779E-5	0	0.999983756366931
	1	0.9958097606662272	0	0.0041902393337727535
	1	0.040252421113047075	0	0.959747578886953
	1	0.03937048346522008	0	0.9606295165347799
	1	0.012230632905203292	0	0.9877693670947968
	1	5.678347398772426E-4	0	0.9994321652601227
	1	0.05139854898622657	0	0.9486014510137735
	1	5.513737306834817E-4	0	0.9994486262693165
	1	0.009887843745077118	0	0.9901121562549229
	1	0.8403872073829657	0	0.15961279261703426
	1	6.100410127579564E-4	0	0.9993899589872421
	1	0.9980677497469422	0	0.0019322502530578643
	1	0.16443774455811613	0	0.8355622554418839
	1	0.7444429833150652	0	0.2555570166849349
	1	0.8931749229277719	0	0.10682507707222813
	1	0.7886975552853143	0	0.21130244471468565
	1	0.027394272340034692	0	0.9726057276599652
	1	0.9912295850733163	0	0.00877041492668383
	1	0.001566155398612015	0	0.9984338446013881
	1	1.5858578103988196E-5	0	0.9999841414218961
	1	0.010034922438194606	0	0.9899650775618054
	1	0.9996037131938567	0	3.9628680614319385E-4
	1	0.003730573252396017	0	0.996269426747604
	1	1.544308973064579E-5	0	0.9999845569102693
	1	0.9990910262587195	0	9.089737412805704E-4
	1	0.902593495885639	0	0.09740650411436096
	1	0.0014995595413752711	0	0.9985004404586247
	1	0.9993810595974498	0	6.189404025501826E-4
	1	0.005691397177150708	0	0.9943086028228493
	1	1.8558765388011838E-5	0	0.9999814412346121
	1	1.0218221605273223E-5	0	0.9999897817783947
	1	2.928856509546728E-4	0	0.9997071143490454
	1	1.162269809840212E-4	0	0.999883773019016
	1	3.622608298321582E-5	0	0.9999637739170169
	1	1.534444640284962E-4	0	0.9998465555359716
	1	9.857571639678108E-4	0	0.9990142428360322
	1	0.0010569810766127927	0	0.9989430189233872
	1	3.5084611716240487E-4	0	0.9996491538828377
	1	0.002664364906989184	0	0.9973356350930109
	1	4.175223665532132E-5	0	0.9999582477633447
	1	4.131432913871656E-5	0	0.9999586856708613
	1	0.003908813358895998	0	0.996091186641104
	1	0.0028327830646831587	0	0.9971672169353168
	1	7.991699664349866E-5	0	0.9999200830033564
	1	1.1034858626842626E-5	0	0.9999889651413731
	1	4.7103804321002494E-5	0	0.999952896195679
	1	1.295737558463812E-4	0	0.9998704262441536
	1	4.713543307316384E-4	0	0.9995286456692682
	1	2.983700227897994E-4	0	0.9997016299772102
	1	3.200940275829385E-5	0	0.9999679905972417
	1	3.2401316494731243E-4	0	0.9996759868350525
	1	1.1953956965804549E-4	0	0.9998804604303418
	1	6.581792366722579E-4	0	0.9993418207633278
	1	1.0767658055153972E-4	0	0.9998923234194486
	1	1.441931594175022E-4	0	0.9998558068405824
