2286|2286
1554|2286
2317|1805
2317|2326
1553|1553
1526|2286
2326|2326
2286|1526
1526|1526
2326|1328
1554|1526
2317|2208
2317|2330
1554|2330
2286|2330
971|2286
2317|1328
2326|2317
1554|1554
2208|1328
2286|1553
2317|2328
1526|1553
2286|2326
2286|1328
2286|1554
1554|2326
2286|1805
1554|1328
2329|2286
1554|1553
1554|2214
2214|2214
2317|2209
2326|2286
1526|2330
2286|2214
1526|2214
1805|2317
1553|1526
1553|2214
2326|1805
2208|2317
1526|1554
2329|1526
2317|1798
2326|1526
2109|2286
2214|1553
1554|1805
1554|1555
971|2214
2326|1553
1568|2286
2214|1526
2330|2317
2208|2326
971|1526
2326|1705
2286|1555
1553|2286
2329|2214
1553|2326
2317|2317
2286|2208
2329|1553
1526|1555
1798|2286
2328|2326
1553|2330
2286|1798
2214|2286
2329|1555
2326|2343
1526|2326
1805|2204
1798|1328
2328|2317
1526|2776
2214|2776
2326|2208
971|1555
2286|2776
1798|1526
971|2776
2214|1555
1554|1798
2109|2214
2329|2776
2326|1759
1805|2286
1554|2776
971|2330
1528|2330
1328|1328
1526|1805
2326|1554
1554|2208
2317|2327
1553|1805
971|1553
1798|2317
2317|2343
2109|2330
2109|1526
1805|1328
2328|1328
1528|1553
1528|2286
971|1554
1798|1553
1798|2776
1798|2326
2208|1553
2208|2286
2326|2776
1805|2320
2286|2209
2109|1553
2330|1526
2328|1805
2326|2330
1526|2208
2209|1328
2209|2317
1658|1328
2326|2320
2330|1328
1553|2776
2286|2328
1553|1555
2326|2344
2329|1554
971|1742
2208|2343
2326|2209
2317|2947
2328|2208
2286|1788
2208|1705
2317|2286
1553|1328
1805|2326
1568|2214
2286|1742
1554|2209
1328|2326
1328|2317
1528|2214
1554|1742
1482|1553
2330|2776
971|971
2330|1553
2330|2286
2329|1742
971|1788
1553|2208
430|2286
1528|2326
1553|1554
1517|2286
2317|2237
2317|1100
1370|1805
2236|1328
2109|1554
1568|2330
2237|2326
1805|1526
2317|2984
1554|1788
1482|2330
2109|1555
2344|1705
1805|1759
2326|2204
2286|971
2208|1759
1586|2326
1568|1554
1328|1805
1798|2214
1568|1526
2326|2214
2286|2343
971|2329
2326|1555
1805|1553
1525|2286
2326|2328
1798|1554
1554|2237
2204|2326
2329|2330
2204|2208
1526|1788
2947|1805
2353|2209
2237|1328
1805|2341
1526|1742
2208|1526
1528|1526
1759|1705
2204|1805
2326|1578
2329|1788
2912|1328
2286|2327
1554|971
430|2214
2214|1742
2317|2213
2353|2326
1482|2214
1370|2326
2208|2209
1557|2286
2208|2341
1554|2328
2208|1805
2214|1788
1554|2327
1482|2286
1554|1482
1100|2326
1568|1568
2204|2330
1526|1798
2776|2330
2208|1554
1568|1553
2559|2326
1525|1526
2326|1100
2214|2330
1553|2327
2237|2237
2333|1328
430|2330
2329|2329
2236|2326
1364|2286
2328|1705
2326|511
2317|2342
1805|511
1034|1705
1798|1555
1759|1759
1526|1328
2776|2214
2328|1759
983|2286
2559|1705
1554|2329
1100|1328
983|1554
2286|2237
2109|1788
2286|2317
2328|2286
2326|1587
1759|2326
1798|2320
2912|2236
1554|2236
1370|1798
2330|1374
2286|2329
2326|1034
2326|2237
1798|1805
1034|2326
2328|2330
1528|2776
1517|2214
971|2326
1568|2776
1525|2330
2343|2326
1328|2328
2109|2776
1553|1788
2317|1705
2330|2214
2409|2326
2286|1568
2214|1554
1578|2326
1525|1555
2109|2326
1805|1705
1535|1328
2208|2320
1553|2237
2353|1805
2286|2213
1805|2343
2343|2317
2326|1788
2209|2326
1557|1526
1482|1526
1554|2343
2326|1742
2559|1034
1370|2330
2784|2330
2237|1805
1528|1554
2330|1555
2208|2236
1100|1805
2912|2328
1525|2214
988|2353
2209|2286
2208|2344
2326|2327
2286|2236
1553|2353
1798|1705
2326|1372
2330|1705
2326|1784
2328|2344
1798|1759
2317|1554
1554|2070
1525|1553
1805|1555
1805|1372
2320|2326
1658|2326
2343|2208
1370|2208
1403|2326
2326|1798
1798|1742
1705|1705
2329|971
1410|470
2344|1034
2317|2238
1798|971
1482|1788
1370|2328
2208|2328
1528|1555
2912|3087
2109|971
1517|1526
2326|1853
1554|2213
2209|1759
2353|1798
2326|1396
1526|2329
983|1526
2109|2329
1805|2328
2326|2341
1798|2204
2299|2214
2286|1482
2912|2326
1658|1805
2912|470
2208|2947
2328|1587
2326|2333
1396|2326
1526|971
2307|1328
1568|1742
2353|2330
2317|2214
2343|2328
1525|1328
1805|1554
2286|1533
1364|1526
1853|2326
2307|2912
1554|2912
2286|2344
1805|1374
2242|2326
1554|2317
1587|1705
2330|2204
2286|2912
2317|2333
1517|1553
2209|1553
2559|2328
1100|2328
2328|2209
292|2214
44|2286
2330|1759
2912|1677
1334|2326
2353|2208
2353|1553
1060|2326
1529|2330
1328|2208
2204|1798
1805|1754
1798|1788
1805|2209
2327|2317
2912|1805
44|1526
2947|2257
1396|1805
2317|1759
1403|1805
1034|1785
2307|1553
971|1798
2208|1100
2330|2330
2109|1798
1528|1805
2299|2286
2947|2330
1533|1553
470|470
1482|1555
1524|2330
1526|2327
1034|1034
1586|1705
2326|1586
1517|2330
2317|2236
1849|1705
1705|2326
1805|1587
2329|2326
2286|2070
2213|1328
2208|1034
1805|2776
1523|1805
2343|1328
1524|1328
971|1568
2326|1528
2208|2912
2208|2327
1328|2236
1528|1742
1798|2330
1568|2326
1853|2208
2286|2109
2236|2343
2912|2353
2947|2208
1798|2328
2317|1758
1586|1805
2328|2328
2208|1528
1805|2947
1586|2328
2204|2328
2912|2327
2209|2341
1526|2209
470|1410
1705|2320
2326|1849
2326|2983
2209|1705
2109|1742
2237|2328
1410|2353
1798|1374
2326|1033
2344|2326
2286|1100
2344|1759
2317|2344
1034|2328
2257|2947
1805|1782
1525|2776
1627|2326
1798|2070
1529|1805
1525|2326
1517|1555
1849|2328
1524|1553
1557|2214
2326|2242
2776|1526
2299|1526
1396|2208
1805|1750
1364|1555
2213|2317
2208|2237
2208|2208
1554|988
2208|1784
1557|1553
2947|2326
1578|1705
2237|2286
2317|2242
2326|291
1554|2280
2317|291
2326|971
1805|1578
1798|2947
2286|2353
1554|2109
472|1805
1853|1705
1553|2328
1060|1705
2208|1849
1658|2343
2326|1374
1100|2317
1554|2344
1034|2243
2208|971
2208|988
1524|2326
2213|2286
2242|1805
1554|1100
1052|2326
1554|2341
2559|2983
1533|2286
1482|2776
2326|2243
470|1553
2776|2286
1568|1798
2317|1526
2776|1553
2326|2236
1554|1568
430|1554
1524|1526
2912|2208
472|2326
1849|2326
1528|1705
1328|2286
2208|2204
2328|1853
2343|1805
1568|1555
2242|1328
1568|1788
1328|1100
1529|2326
1587|2208
1370|2327
1557|1555
2209|1526
2208|2333
2330|2343
1805|2214
1568|2329
1658|2317
1808|2317
2237|2344
1528|1528
988|2330
1805|1784
2286|2947
1482|1805
2317|1553
2286|2280
2327|2320
2328|1578
2214|2326
1808|1328
2286|470
2299|1553
2882|1553
2776|2776
2559|1853
430|1526
2330|1784
2559|2209
988|1328
2208|1677
2208|2330
1578|2209
470|2353
2320|1805
1328|2327
2286|1535
2286|2341
2344|1853
2242|2208
1052|2328
2243|1705
1034|2208
2317|2210
2326|1785
2559|2341
2208|2243
1555|1555
2109|2208
2559|2208
2344|1060
2776|1555
1658|2208
1553|1742
1526|2070
1554|1535
2327|1328
983|971
2342|2317
2328|2341
1554|1524
1060|2328
1100|2208
1328|1759
1587|1805
1526|1482
2299|2330
1568|971
2208|1060
2204|2213
1587|2326
1658|2330
1533|2330
1553|2344
2307|2326
2330|511
988|1553
1401|2326
2328|1526
2328|2320
1805|2257
2286|988
971|1805
1524|2208
2330|1554
2208|1761
2353|1658
2330|1805
1033|2326
2237|3087
1526|2344
1555|292
470|2912
1627|1328
2522|2286
2330|1788
2299|1788
2947|2280
291|2326
2882|988
1526|1533
1052|1705
1798|2343
1396|2237
2912|2330
2317|2354
2214|2317
2344|2983
1805|2333
1370|2343
1798|511
2242|2328
1658|1798
472|2237
2343|2320
1526|1358
1524|1555
1553|2236
2326|2947
1553|470
1482|1554
1060|2208
2947|2328
1328|2209
1528|2208
1526|2328
988|1805
2286|2774
472|1328
2317|2257
1355|2330
1805|1627
292|292
2307|2237
1849|2243
292|2330
1529|1553
2286|1358
1798|2209
988|2328
2208|1555
2342|2326
1553|1798
983|2329
2109|1805
2329|1568
2209|1805
2343|2343
2775|2214
2210|2317
2214|1328
1524|1805
2326|2300
2317|1808
1805|1528
1798|988
1553|1482
2409|2208
2208|1578
1554|1525
1410|2328
2326|1403
1410|2326
2286|2984
1553|2912
2070|2286
971|2070
2326|1060
2882|2237
1328|2333
2294|2325
2344|2209
1517|1554
1334|1798
2320|1798
1528|1759
1535|2236
1554|470
2344|2344
1526|2237
1759|2208
1482|1742
1526|2341
2257|2257
2307|988
2286|983
1526|44
1060|2243
2317|2280
2344|2328
1364|1553
1523|1523
2559|1805
2326|1627
1060|1034
1517|1742
2340|1759
1100|1759
1533|1526
1553|2354
2344|1849
2882|1328
1328|1677
1759|1805
2209|2328
2275|2326
1555|2214
2343|1782
1410|2330
1809|2326
988|2326
2208|1658
2209|2214
50|2286
1328|1705
988|2208
2330|1528
1805|2948
1535|2326
2330|2774
1568|1805
2236|1805
1526|1525
2327|1705
2330|2257
1849|1034
2912|2912
1328|2341
1515|1328
2299|2776
2328|1849
1805|2344
1526|2317
2412|1553
1553|2333
1401|2330
1705|2317
1535|1805
2344|1328
2294|1705
1798|1372
2330|2320
1396|1328
1538|2326
1526|1568
2317|971
2559|1759
1586|2208
1553|292
1749|2326
2882|2912
2307|3087
2328|1034
1100|2209
1328|1761
1028|2208
2333|2317
1805|2983
2213|2341
2242|2317
2328|2343
1034|1853
1805|1586
1060|1805
2333|2333
2328|1100
291|291
2210|2286
2882|2330
1759|1328
1749|2343
2409|1798
44|1553
2326|1756
2237|1553
1578|1759
2208|1587
1100|1705
983|1798
1410|2912
1805|1373
1798|1396
1034|1759
2208|1853
2243|2326
1539|1328
2409|2320
1849|1849
44|2326
1553|988
2214|292
2784|2286
2328|2983
1568|2208
2286|1403
1798|2341
1016|1328
2236|1705
1052|2243
2522|2326
2208|2983
2317|829
291|1328
1525|1805
2330|509
1529|2328
2286|3087
1785|1805
2237|2317
2330|1373
2328|2257
2286|50
988|1798
2326|2070
1554|3087
1403|1553
1034|2983
2912|2237
1334|2208
2326|2912
2257|1759
44|1554
1524|2286
2330|2341
2326|1761
2947|1798
1526|2774
2209|1554
2286|1525
430|1553
2326|1401
1805|2456
2214|2343
1554|2947
2328|1658
2326|1658
1798|1100
2330|2456
1853|1034
2774|2330
2286|1528
2784|2214
2912|1761
1410|1328
1538|2330
1403|2208
1334|2209
1482|2326
1381|2208
1376|2326
2209|2320
1533|2326
2208|1403
2343|2257
1403|2328
1798|1578
2412|2286
2204|2209
2286|2210
1853|1805
1533|1805
2326|3087
1535|2208
1658|2209
2237|1526
1759|2317
1658|2237
1528|1482
1798|1360
2326|2342
1557|1554
2353|2320
2328|511
1805|1805
2257|2948
2209|2333
2209|1853
2330|1750
1553|1535
1528|2328
1538|1328
2883|2286
2947|2350
1328|1553
2328|1784
2340|1798
2340|1805
1805|2330
2236|2208
1034|2341
1557|2330
1524|1798
1798|1587
1100|2330
1334|2330
1578|1805
2344|1940
2242|2343
2344|2208
2326|1677
1535|2330
2328|1554
1554|1533
2208|1785
2353|2328
1328|3087
2317|511
2328|1798
2343|2209
1358|2286
2326|2353
988|2912
2412|2214
1034|2325
2208|511
1526|1100
988|2236
2883|2330
1517|2776
1554|50
1805|1752
1785|2326
988|470
1553|1677
1805|1370
2326|1523
1528|1034
1756|1756
2102|2214
1759|2983
2344|1033
1805|1753
430|2776
971|2341
50|2214
1060|2343
2208|3087
1798|2109
2326|988
1526|50
1553|2209
1849|2208
2263|2317
1554|2333
2208|1586
2236|2330
1759|2243
2286|2299
868|2286
2326|1052
1403|1328
1627|1805
2329|2070
2204|1553
2243|1805
2344|1785
2320|1705
2328|470
1523|2326
2326|509
1557|2776
988|2237
1586|1034
1798|1568
2328|1553
2330|1587
1550|1553
1401|1805
2286|2354
1525|1525
1798|2948
1515|2326
2330|2228
1849|1528
2286|1677
2344|2243
1541|1328
1364|1554
1370|2353
1553|3087
1528|1788
2237|1677
2210|2326
2213|1526
1529|1526
1355|2214
1052|2325
2326|1482
2344|2327
1805|971
2344|2325
1799|2326
1849|1805
430|1555
2947|2327
1524|2237
2208|1627
2102|1553
1798|2344
1798|2342
2257|2317
2344|1558
1853|1785
1554|1758
2342|2208
1328|1554
1554|44
1554|983
2237|2236
2280|2286
255|1805
1705|1759
2286|2342
2242|1798
1100|2286
2330|3120
1578|2983
2286|1524
2947|2320
1526|2109
1554|2354
2236|2344
1381|2326
1853|2328
1554|291
44|2329
1535|2353
1849|2325
2329|1805
1807|2326
2336|2336
1749|1328
1376|1805
1553|2280
1033|2208
2317|1525
474|1328
2330|1372
2947|1809
2237|1554
1523|2209
1370|2257
2208|1374
2257|2330
2109|1568
1052|1034
2947|2343
2236|2328
983|1805
1940|1705
2280|1328
2326|2904
470|2330
1658|1658
472|2327
2340|2208
2343|2353
1100|2947
2208|291
1034|1060
291|2330
2343|2204
2208|470
2412|2326
1529|1328
2222|2237
1759|1034
2208|1033
2317|2192
2336|2330
2559|2344
2343|2330
1364|2214
261|2326
1533|2214
2299|1555
2328|2327
1538|1805
1403|2286
1658|2327
1060|1785
1052|1528
1328|2204
2343|2236
2208|2984
2214|1805
971|1328
983|2214
2559|1528
2409|2209
1403|2330
1558|2326
1554|1528
472|2330
2522|1798
1805|1742
834|2326
2882|2353
2947|1752
1805|50
2208|1372
1759|2328
2286|291
1798|2242
2344|1805
1060|1528
2947|2333
1528|2344
1403|2209
2208|1052
1805|2904
2344|1587
2286|2257
1034|1586
1034|2344
1555|1526
430|2326
1370|2210
2209|2209
472|2208
1554|1016
2330|2947
1526|1677
1658|2354
2912|1553
1805|1100
1528|2329
2328|1586
2286|1529
2237|1396
1328|2343
988|3087
2204|2237
2317|509
1529|2214
1798|2333
2353|1759
2299|1554
1529|2208
44|971
2208|2456
971|2109
1410|2327
2286|1534
2947|1782
1535|1553
1401|2209
788|2236
2237|1401
2237|1759
1557|1742
2344|2341
1526|1535
1535|2209
1805|2242
1555|1553
2317|1756
1586|2209
2204|2214
2209|2204
1334|1805
2208|2214
1524|2214
2330|291
1410|1410
2326|1360
2317|2263
1809|2327
1554|1358
2237|2343
988|2327
2109|1482
1482|1482
2559|2325
1410|1677
1410|1553
430|1742
2209|2208
292|1553
2326|1524
2775|2286
1805|1658
2522|1805
1364|1788
1805|1639
470|2286
1705|2208
1658|2344
1658|1553
1528|2327
2208|1754
1052|1849
2328|2353
983|1553
470|988
971|983
1955|1805
2208|1396
2109|2109
2257|1809
1381|2257
983|2341
2209|2344
829|1401
1756|2328
1658|2341
971|2208
1849|1759
1541|1805
1849|1060
1638|2330
1523|2208
1658|2947
2242|2209
1931|2326
1526|2280
1555|2286
426|2214
1940|2326
2307|1535
1100|2333
1355|2286
2308|2208
3087|2236
44|2214
1034|1849
2344|2333
2214|1482
1638|1328
2326|1568
2209|2947
2214|2208
2340|2330
2882|2326
2317|1403
1849|2209
1526|291
1696|1403
470|2236
1586|1528
2257|2320
1805|291
2294|1940
429|2329
1798|2208
2353|2327
2320|2209
2286|1523
1807|1805
1554|2984
2328|1372
2912|2209
1526|983
1096|2326
1586|1586
1849|1785
2327|2776
2336|2257
1095|1553
2209|2300
1798|50
44|1798
2330|2333
2330|1752
2330|1753
1034|2209
1052|2208
474|1016
1060|2325
2330|1754
971|1358
2317|1785
2947|2263
2330|2784
2774|2214
2330|1578
1364|2330
1100|1100
1097|1805
2102|2286
2353|1578
1759|2341
1401|1798
1554|2353
2328|1677
2208|2240
1527|2326
2344|1372
1555|1805
1528|2209
2409|1805
2208|50
2208|2891
1328|1526
2327|2947
1849|1100
1535|2237
2317|2244
2529|2208
2775|2330
2775|1526
2317|2983
2353|2286
292|1555
1032|2326
2330|1658
1805|3196
1805|2984
1805|1403
2208|2070
2769|1526
1671|1328
2237|2320
2208|994
1805|1853
1401|1328
2236|2317
981|2326
2984|2353
2330|2346
1805|1788
2522|1554
1578|2328
2326|2456
2328|2300
1759|2209
1553|1401
1853|1853
1553|1528
2209|2343
1526|2343
1403|2327
2208|1534
2559|1785
2328|2333
2912|988
1805|2208
1586|1100
1095|2912
1554|1677
2210|1553
3171|2326
2328|1060
1568|2109
1554|1638
44|1805
1578|2208
2965|2326
2343|1374
429|2286
1705|1328
1809|1759
2353|1586
1849|1798
2286|2333
1052|1785
2326|2109
2333|2326
1550|2330
50|1526
788|1328
988|988
2317|994
1805|1524
1805|2109
1358|1526
2204|2327
1627|2208
2286|474
2330|2344
1528|971
1060|1100
261|1658
2286|1069
470|2214
2237|2208
1587|2243
2317|1528
2326|2325
1798|1752
2109|2280
2317|2341
1627|2343
2237|2353
1100|1554
1554|1403
1376|2209
2882|470
1756|2326
2328|2336
1658|1705
1798|44
2326|1782
829|2326
1095|470
2208|1097
429|971
1532|1328
2328|2912
2286|1016
1528|1328
1381|2327
1658|2328
2208|1639
1555|2330
1553|1396
2308|2326
1670|2326
2208|1401
2286|2242
1798|2257
475|2286
2326|1410
1586|1060
2280|971
1535|2327
200|1805
1410|988
1798|1586
2947|1758
2317|2353
2328|2204
2286|2238
1638|470
1095|988
2343|1752
2558|1705
2236|2286
1528|2263
1805|1068
2328|2776
2286|1410
1016|2208
2326|66
1678|2326
2784|2776
292|2776
1798|1677
2208|1798
2286|1758
2326|1762
1568|1482
1535|1554
2333|2208
2280|2317
2559|2243
2330|2242
496|1705
2559|1849
2890|2326
2340|1374
2209|1587
2286|2784
115|2326
1554|2342
2214|2774
1853|2209
2237|1705
470|1761
1524|3087
1376|2328
2769|1553
1805|2350
2294|1759
2342|1777
2882|2327
1749|2208
2208|2525
2257|2204
255|2208
2354|2317
2317|2347
1533|1798
2984|2343
2343|2344
470|1529
1805|2347
2522|2328
2965|2328
1554|474
2286|2412
1759|2237
2213|1759
1798|1373
1535|2286
2257|1784
2341|2286
2222|2330
1524|2327
2236|2209
2102|2330
2343|2947
2214|2412
2329|1798
2336|1805
2353|2237
1403|1401
1553|1533
1553|2317
2341|1554
1553|1761
2559|1940
2559|1558
2340|2326
1528|1798
1355|1526
1370|2320
2558|2326
1526|988
1742|2326
470|2525
2070|2214
2326|1808
2208|1782
2257|511
2286|1396
1396|3087
2330|2326
1328|2330
2307|1805
1520|2326
1526|1534
2344|1100
1034|1805
1529|2286
1095|1328
2775|1555
2344|1052
1586|1759
1638|1553
2317|1587
2257|1374
2330|2328
829|1328
1638|2912
1524|115
2307|2804
426|1553
1696|1553
2257|2336
1525|2237
1805|1849
1555|2208
1805|2236
2326|50
2326|2944
1554|2210
1052|1060
2243|2343
2333|2236
1805|2353
1528|1568
1523|1553
2326|2354
3087|1328
1526|2213
2242|2327
2209|1374
1587|2330
1957|2286
1799|2344
971|1482
1524|2912
1798|2329
1526|1403
1553|2525
2784|1553
1338|1798
2327|1759
2294|1034
1547|2286
1515|1805
1381|2328
1482|1328
2237|2209
430|1788
1853|2327
2353|1587
1528|1853
474|2343
1553|1529
2317|1627
2236|1553
1328|2320
1060|1849
1033|1759
1586|1849
2330|2464
2329|1525
971|1533
2237|2330
2326|2334
1370|1759
2326|2972
2328|1808
1034|1052
2328|1528
1805|1360
2214|1534
1629|2343
2070|1526
1805|2070
1554|2242
1370|2209
2320|2330
2522|2208
1533|2208
2328|1033
200|2326
1547|2214
1808|2341
1328|2342
2330|3196
1798|1784
2947|2209
2883|2214
2904|1328
1798|2525
1546|2326
1853|2341
1410|2236
2237|1403
2409|1658
1678|2327
1517|2208
2769|2286
1798|291
2343|1798
2447|2326
1553|2848
1526|2354
1370|2228
1034|2343
470|1677
2257|2984
1849|1586
1587|2209
2948|2330
1586|2343
1097|2209
2522|1526
2327|2343
50|2776
988|1677
2912|2525
1381|1798
2109|983
2330|1655
1528|1849
2984|2330
1629|2208
1554|1410
1553|2984
2214|1100
2948|1805
1578|1853
1100|291
1034|1528
2888|1805
1376|1759
472|1553
2883|1553
1524|1403
2208|1535
2294|2326
2344|1553
2947|1792
1751|1805
2209|2776
2340|2327
2326|1535
474|1553
1529|2776
1396|2328
2208|1410
1517|971
2109|1358
2208|2242
1805|2346
1427|1328
2286|1638
470|1328
2208|1377
2948|2343
1376|2208
2328|2242
470|2208
1799|1553
1578|2330
1528|1534
1528|1060
1758|509
1777|1805
115|1805
1955|2326
1759|1060
2317|1482
1528|2243
1328|988
1809|1658
2222|2326
1328|1798
1658|509
2236|1798
2242|2236
969|2327
1805|2887
2328|2456
2330|1742
2432|2286
1586|1853
2090|1328
2558|2328
1554|1401
292|2109
2213|1554
1568|2070
981|2330
1586|1940
2214|971
1752|2326
2348|1785
2328|2891
1696|2286
1586|1328
1798|2346
969|1328
1705|2209
1396|2804
1328|1401
2326|1525
983|2330
2294|1060
1756|1805
2209|1528
1033|1705
2213|1374
2209|1034
2330|1538
2236|2327
1798|2912
2888|2328
2209|511
1586|2983
2208|1525
1538|2208
2984|1372
2280|2343
2326|1955
1328|1627
1529|2327
2208|2904
2330|1586
1705|1805
971|50
1034|1558
1758|1328
1396|1798
1955|2328
1696|2237
472|2328
2548|1328
2559|1060
2326|2891
1759|2330
2342|1805
1805|1034
2912|1410
2208|2325
1554|2665
2286|2665
1638|2354
1638|988
788|1638
788|1016
474|1638
1554|969
2208|1749
1060|2333
2237|291
1374|1374
2326|2238
1586|2327
1403|1798
2320|2327
1798|1793
1003|2237
1679|2330
429|1798
1568|2341
3087|1677
2326|1791
1033|1805
2882|2208
1805|1653
1525|1554
1525|2208
1554|2299
1093|2326
2327|2286
2984|2209
1805|2237
2317|1396
1798|1749
2776|1554
1526|2210
1659|2208
1097|2326
2209|2257
1034|2333
1553|263
2330|1800
1526|292
1553|2213
2330|2948
2522|971
2353|2353
2883|1554
2522|2329
2340|2213
2774|1526
2326|1749
1370|2309
2222|1553
1750|2330
2340|1658
2307|2286
1553|1524
1527|1526
2330|1782
2320|1328
1526|2353
1805|2559
1060|1060
2307|2330
2237|2327
2333|1805
1482|2208
2204|2343
2326|829
1553|467
2883|1526
1705|2343
1805|2583
2317|1671
1328|2214
2330|971
1586|1798
1798|1758
2209|1658
1528|2341
1586|1033
1553|2109
2214|1355
2237|1538
1554|2775
1052|2344
2330|1370
1798|1528
472|2984
2346|2257
788|1553
1523|2330
2784|1526
1553|2947
2307|2320
2912|2286
2328|2214
1396|1396
2317|1667
2208|2257
2330|1534
2208|1529
2912|1798
1526|1529
1558|1328
2330|1627
1328|2344
1587|1759
2327|2326
1370|1596
1526|2412
2237|1798
2330|1396
2353|1482
2330|1384
2109|2341
2326|1655
1758|2317
2328|2236
1503|2237
2109|2070
477|2776
1376|1798
1756|1705
1705|1798
2308|1805
1798|1358
1526|1528
2912|2221
969|3087
2343|1750
1553|2774
2328|1358
2295|2326
2307|2236
1578|1940
1546|2237
2320|2208
2736|2326
2210|1782
2237|2221
971|1535
2326|2774
1529|2236
470|2328
2237|1761
1805|1331
2275|1805
2933|1805
1524|2343
2327|2341
1370|1586
1528|2342
1554|1761
2769|1554
115|2328
2331|1798
2326|1068
1636|2237
1328|1403
1034|1940
1355|2776
429|2208
1805|1033
1759|2343
2326|1415
2409|2317
509|1328
1097|2208
255|2257
1535|470
1146|2326
2353|1119
1338|2330
2280|1401
2326|1534
174|1805
291|1805
1809|1578
1853|2983
1805|1700
1550|2326
2237|2342
1586|2330
2236|1526
2328|2244
2242|2330
1052|1759
291|2286
2341|2326
1805|1968
2341|1526
1526|2236
1705|1587
2409|2327
2208|1373
2294|1528
1338|2209
1523|2328
983|2326
2327|1587
2984|1805
1798|2243
2329|2344
2912|2333
1745|1401
2912|2984
1777|2330
1525|2236
2286|1759
1548|2286
1586|2243
2340|2209
3120|2330
1528|2317
1338|2326
2236|2904
2209|2242
2344|2317
1553|1410
468|2330
1805|1756
2213|1372
2409|2330
1940|1759
1410|2209
2209|1372
2343|1553
2161|2257
2286|44
1550|1328
1805|2736
2412|2330
1524|2328
1554|2774
2328|1205
1578|1798
1849|2983
2412|1526
1533|1555
1753|2947
2329|2109
2280|983
1553|430
2208|2948
1805|3160
1798|2237
1060|2330
1528|2983
971|1525
1798|509
1554|2257
971|2344
1553|291
2326|1639
1528|2280
1805|1761
2353|2213
1097|2330
2327|2328
1805|1798
2242|2286
2242|1554
1805|167
2204|2263
50|2330
2236|1638
1957|1526
1554|1329
2328|1410
1060|1586
472|3087
2257|1805
2326|1653
1553|2210
2109|2299
1060|2327
1798|2353
1705|2204
1408|1553
1525|1798
1578|1034
2449|2208
1798|2354
1798|2583
1028|2326
2317|1955
2327|1578
1482|2209
1100|1034
1525|2213
430|971
2317|1523
2208|983
1415|2326
1705|1756
467|2326
1403|1100
2208|1800
2236|1097
1100|1849
1627|2354
2353|1034
1401|470
2237|2804
1517|1798
2236|1401
2209|2568
1403|2237
1627|2328
2237|1627
2354|1553
1849|2333
1524|2132
2326|1338
44|1568
3171|2320
1798|1370
1805|2309
2317|2329
1535|2328
1785|2330
1392|1392
1553|2132
1410|1805
2204|2984
1546|1798
2280|2320
1805|1809
429|2280
1370|2263
1555|1355
2326|2106
2286|2804
2328|1374
2330|2336
2294|2243
1798|2236
2326|1642
2286|1799
2330|2583
1587|2327
1554|1799
2345|1805
2354|1671
1587|1328
2299|1742
2277|2330
2353|2343
1638|2214
2577|474
320|1016
320|474
788|2665
1535|263
1940|2243
1546|1392
2447|2330
2947|1754
2327|2204
2800|2326
3171|1805
1526|2775
2208|1415
2275|1798
1334|2237
1805|2243
2984|2208
2328|835
2328|2453
988|1410
1415|1805
2984|2257
1798|2887
1809|2320
2412|2776
470|830
1558|1705
1586|1558
2343|1526
1558|1759
1679|1805
1553|2343
1642|2326
1554|1759
2947|2317
2275|2213
983|1100
1003|2326
1798|1403
1355|1553
1759|1033
1807|2208
50|1555
1578|2342
1705|2330
2286|1401
2328|2947
1799|1526
1376|2330
971|1100
2327|2209
2208|2622
2209|1403
1034|2317
2353|2984
2775|2776
1756|2317
2409|2237
2307|470
2209|1578
2208|1568
1524|2280
2983|2317
1554|2525
2330|3087
2330|829
320|2343
983|2070
1751|2343
2326|1085
2208|61
1799|1805
2209|474
1328|2354
1401|1553
2330|1758
1334|2317
1003|2330
2290|2237
2327|2243
590|1328
1554|1534
1658|2983
1636|2770
2947|1784
50|1553
2328|1756
2342|1587
2329|2208
829|2280
1328|1587
1100|1526
1805|2327
2214|1533
2270|1805
1757|1798
969|2326
2327|1100
1805|2336
1544|2776
1798|1525
2237|1344
2257|1627
2326|983
2330|2775
1482|2327
261|1671
468|1553
1526|1527
1798|983
2326|3160
2328|565
1396|2236
2210|1526
1805|265
2209|1482
590|2326
1578|1578
1759|2327
1034|1587
1401|1705
1033|2328
2984|1759
1541|2330
2330|2350
1805|1367
2208|2228
1553|2412
2339|1805
2330|2331
1370|2354
2343|1705
1759|1849
2213|2983
2328|2294
1658|2912
2242|2333
1401|1554
2947|2353
1696|2214
2102|1554
2339|2326
1100|2214
2353|2257
1100|1742
2277|2984
2387|2343
1849|2344
2213|1705
2290|2344
1805|565
1705|2237
1403|1523
1370|2213
1805|2709
2317|1799
2208|1596
2882|2236
1805|2329
1401|988
1401|2912
968|3087
2240|3087
1370|2270
472|1798
2257|2345
2209|1756
1805|2707
2947|1750
2307|1524
1525|2209
2330|1761
1587|1034
1032|2328
2947|962
2326|2948
2208|1016
1364|2776
2328|1785
969|2328
2208|714
834|2328
2307|2214
1554|1529
426|2776
2947|2456
1554|968
1034|1798
1328|2242
1528|2343
2294|1785
2340|2948
2286|2983
1100|511
2090|1705
981|2237
2209|2236
1533|1554
2238|1553
2280|291
2326|1358
1799|2330
2965|2209
2209|1742
2286|2263
1587|2328
1757|2257
1798|2228
2307|1403
261|1808
1403|2353
2328|2276
1658|1526
3171|2330
1408|2214
1957|2214
1553|2775
2317|2295
2208|1173
426|1555
1527|1553
2326|1538
2210|1328
2307|968
2529|2326
1849|1033
2317|1524
1033|1528
850|2326
2286|969
472|2804
2237|1546
2275|2330
1803|2343
2330|1535
470|2237
2280|2947
429|1554
1426|1328
2228|1798
1538|1798
2341|971
1805|1785
2345|2343
1100|1798
291|868
2326|1666
1853|2243
1540|1554
1759|2344
2236|2570
1016|2328
1525|1788
1517|2329
2214|2344
1554|1523
1752|1372
429|2326
1538|2317
2102|1805
1568|1525
472|2344
1517|1805
1849|2330
1558|2317
429|429
1532|1553
2409|1587
1805|2669
1587|1798
1614|2343
1052|1805
1547|1554
1805|983
1798|422
2330|1100
2328|2228
1753|1753
474|2328
1535|1798
2326|1146
1033|2333
1705|1853
1328|1789
1526|470
1529|2343
468|1526
2330|2983
2328|1793
1364|971
1659|1328
1805|2205
1957|1555
2353|1328
1705|2205
2208|2077
291|2237
2243|2209
1517|2326
427|1554
1403|2343
2947|1785
1629|2326
1805|1749
2336|2343
2102|1555
2307|2343
1328|291
1538|2343
1578|1528
2882|1410
2330|1515
1798|1534
2330|2967
971|2328
1052|2983
1931|2328
1334|1759
2329|1535
2243|2328
1554|2804
1798|1754
1547|1553
2204|2340
1799|2286
16|1805
2333|1798
1697|2343
1060|2983
2326|1370
2328|1782
1526|2848
2326|2210
2741|2208
1554|829
2343|1482
2522|2209
1857|2326
1034|2327
1696|2326
1403|2214
2328|2205
2110|2330
2326|2736
2214|2299
1401|2328
1642|1328
474|2326
2997|1758
2237|522
1358|1554
1798|2644
2947|2340
1798|2983
2243|1759
2327|2904
1940|2328
2209|2330
1100|2238
1749|2236
2214|1527
200|2328
2208|1523
1328|2984
1798|1658
2409|1578
1558|2344
1520|2208
2330|1677
2346|1798
2882|2328
1943|1805
1798|1761
1758|2947
2317|2336
2326|2192
2257|1758
1033|1849
1525|474
2912|1004
472|2912
1805|1532
1798|2327
2329|1328
2070|2330
1849|1052
2236|2947
2326|1793
2343|2238
1540|2326
1759|1853
2326|1329
2317|1329
2328|2583
2326|1750
2209|1358
2330|1410
1401|2286
429|1526
988|115
1381|1805
1742|2208
2765|1805
2326|2583
2209|2237
2326|2132
2286|2571
1759|1100
2326|1777
2410|1798
1805|1482
1331|1705
2317|1568
1403|1554
1052|2343
2912|1795
320|1638
320|2665
2577|1638
472|2240
2205|263
2307|969
1410|1761
1396|2209
1798|1401
1528|2774
1749|302
2309|2330
971|2317
2341|1801
1807|1755
2243|1328
2328|1097
2339|2208
2343|2237
2204|2257
1555|2776
1792|1792
1777|2236
2333|2209
2353|1679
1529|2209
1805|1677
1052|1100
1798|1329
2317|2337
2326|1539
2102|1788
1587|2242
2340|2317
1805|2294
2208|2346
1586|2213
788|474
1052|1033
1052|1586
1095|2354
994|1401
1328|1415
1533|1328
1627|1798
1798|2784
2243|2320
1555|2109
1957|1553
2237|2912
2308|2330
1528|1100
1328|2353
474|1535
1028|1952
2947|2213
519|2208
2326|2347
1403|1524
1805|20
1568|2317
1060|1759
2236|2665
2326|994
2102|2208
1805|1568
2331|2330
1853|2330
1100|2236
2353|1526
1705|2344
2328|2325
2890|2209
2353|470
1364|2329
1574|2330
2947|1328
2330|988
1792|1805
1525|2947
2333|1759
1557|1788
511|1805
2328|2984
2948|2353
1503|2344
1761|2326
1849|2317
2240|2326
2330|2984
2736|1805
1528|1785
291|2209
758|1328
1808|2983
2333|2213
2328|2736
2286|2294
1587|1060
1526|2299
2208|2336
2882|1805
2208|2629
1805|2318
2343|1809
1401|1403
1642|2343
1100|2213
291|1526
1526|3087
2328|1523
1355|1555
1524|2776
1757|2330
2875|2236
1554|831
2558|1759
1095|2326
1798|1806
834|2330
2257|2337
2307|2208
2353|1555
1678|1705
1586|2341
2330|2236
1085|1805
2342|2204
1554|2238
2192|2317
472|2286
2280|1374
1544|2214
2330|1793
472|1524
2447|2286
44|2341
1403|2344
3034|1705
1805|1028
1785|1759
2333|2344
1805|1052
1403|2213
2208|1793
2237|2333
1483|2208
888|1805
850|2257
2558|1805
1745|2208
2948|2326
1524|2354
2783|2330
1805|2228
1548|2326
1757|2343
2330|2294
1807|1798
2328|1755
2882|2804
1482|1525
1553|1527
2257|1752
2237|2132
44|1555
1805|1783
2326|1783
2236|1759
1798|2891
1762|2326
1553|441
958|1805
2354|2344
1659|2326
2208|2776
472|988
2447|1798
1534|2330
1620|2237
2237|988
2326|2748
1100|2342
2214|2353
2070|1555
2237|115
2320|2328
2327|511
1093|1805
1547|2330
2353|1808
983|2280
2774|1553
1524|1554
1525|2327
2237|1756
1528|2213
2328|2621
2209|1754
1798|2294
1524|2236
1805|2967
1033|1060
2882|1677
115|3087
1529|1677
2208|487
1370|2403
2344|1528
1535|2280
2326|1753
2776|1788
1554|994
2346|1805
1303|2237
2208|1750
2263|2204
1805|483
2280|1372
2351|2326
1759|2275
2327|2346
1667|2214
2208|1756
1687|2770
2236|2257
2208|1459
1525|2343
2327|2333
1658|2286
2331|2343
2096|2330
2329|1329
2336|2984
2409|1758
1805|2354
1761|2237
2965|2330
1857|2208
1759|1798
2210|1401
2784|1805
1705|1578
1370|2948
426|2330
2263|1759
1799|2210
1548|1798
2328|1762
2237|1023
2298|2209
2257|2343
2336|2317
2208|2353
1627|2947
1679|2326
1669|2328
2236|470
2329|1482
427|2214
2242|1553
1697|2326
2101|2326
1805|2276
2242|1759
2882|3087
2295|1805
2333|1553
591|1805
2090|1798
1809|2330
2109|50
1403|2132
2577|2236
2326|1097
2343|1759
983|2776
1805|1358
2330|487
983|1482
1032|1705
2213|1853
145|2330
1568|983
1408|1526
1358|2300
1545|2330
2965|1805
1542|2214
2339|2330
1396|2327
2090|1523
1759|2320
2208|2276
2330|1808
2286|1527
1705|2327
2340|2257
2065|2328
2328|291
2204|1756
2947|2981
1515|2208
2240|1677
1805|509
472|472
1758|1782
1589|2326
2294|1849
1253|2326
2559|2330
1586|2344
2328|2243
1596|1705
1097|2328
2344|1586
2456|2326
44|2330
2290|2286
2326|1755
2240|2328
1553|448
2236|2236
1742|2328
2213|2329
2784|2208
291|2280
2327|1849
1093|2263
2208|1783
1805|2972
1806|1785
1538|2286
2341|2317
2522|983
2949|2665
1100|1578
2208|1630
1482|1798
1756|1759
1553|1344
2213|1587
2330|2076
2449|2326
320|2236
2343|2948
1553|831
2340|2320
2326|2329
2320|2343
2257|2333
1798|1756
43|1805
2329|1100
1554|2263
2242|1705
1809|1809
2329|50
2209|2347
2257|1800
1548|1554
2326|1367
1401|2214
2343|2983
1328|470
2317|2309
1548|1805
1798|1482
2776|2326
1334|2328
1540|1526
2328|1535
1788|1554
1546|2330
2776|1742
1370|1578
1403|1358
2330|2453
2882|2209
1762|1328
529|2328
2984|1798
1745|2326
2280|1805
2328|215
1799|2320
2329|1533
1696|2209
2294|1578
147|2317
1097|1705
44|2070
2912|2571
2307|1410
1095|1410
1586|2333
2240|2327
1745|2343
2344|2286
1348|2209
1794|1805
969|302
1808|2326
1799|1705
2330|2270
2343|1370
1553|1627
427|2309
2205|2326
2210|2236
1568|1328
255|2326
1370|1328
971|2280
1052|1798
320|1553
2208|509
1426|1705
2736|1798
2333|2947
2228|2209
2343|1808
2326|1032
1778|2208
2228|1805
2209|422
2213|2257
1034|2263
1538|2328
1003|1553
1805|2290
1403|522
983|2208
1589|1328
1671|2984
1403|1403
2326|1546
2984|2947
2209|1788
2965|1328
1396|2333
1558|2983
1415|1328
1528|2333
2344|1677
1580|1705
2329|1358
1799|2317
2208|1681
2286|2525
2208|1762
1370|1658
1555|2209
470|2882
1376|2280
971|44
2307|1401
969|1677
255|2330
1532|2330
1539|2280
472|2333
1553|2882
2340|1586
2286|1557
511|2326
1461|1403
2330|2209
2214|1535
2326|2707
1553|1538
2774|2326
1809|1798
2084|1553
2109|1535
1545|2776
1355|292
2286|1761
1033|1100
1805|2644
2326|1799
2353|2294
1403|994
2441|2270
2263|1627
2286|1517
1403|1785
3160|1805
2327|2263
2344|2571
1553|2269
320|1328
2412|1742
430|1482
474|1805
2341|1372
2286|1658
1554|2412
673|2328
1119|1798
2330|2944
1032|2208
1541|2208
1756|2209
2326|1754
2204|1554
1805|2970
1403|1705
1364|1742
1798|1389
2330|151
2328|2347
2330|565
2988|1553
1659|1805
1638|1526
1528|1033
1060|2344
2947|2424
590|2286
1328|1578
2333|2984
2237|2205
2309|2208
1100|2341
1060|1033
2326|487
291|829
1544|1805
2317|868
1538|2209
2326|1533
2242|1586
2257|1798
1568|2344
1553|969
1809|2257
1069|1798
1540|2286
1068|1805
2208|3160
2330|2302
2209|2665
1578|2242
1553|1525
2210|2237
1540|2330
2882|1403
1696|1328
2984|1758
1636|2326
2208|2559
2330|422
2326|2294
2317|1068
2294|1558
1529|1555
472|2214
2409|1627
2070|1554
1532|2326
1805|1751
1328|1699
2354|1538
2339|2209
2984|1627
1016|1805
2326|1947
2409|2328
200|2208
2257|2326
1640|2326
1805|2339
2208|2132
1542|1805
1403|2275
1780|1532
1629|1401
2353|2478
1749|1532
1697|1401
429|470
2949|1638
1525|2665
472|831
472|969
1410|2525
788|1535
2307|115
2204|2132
1553|1546
1546|2132
1586|2317
1515|2327
2237|1524
2208|2329
2326|1532
2327|302
2326|2412
2326|2213
1759|1528
2263|2326
2320|1759
2317|1401
1808|1555
2947|2453
653|2330
1805|2240
2559|1052
429|1805
2330|1809
969|1805
1798|1052
1805|2774
1777|1328
1627|2327
1547|2326
1415|2328
1629|1805
1568|1100
1553|1534
1334|2343
1805|2966
1808|2286
2213|1528
2209|1555
2522|1568
1415|2208
2912|2344
2286|1627
1376|2327
1553|115
2947|1759
1798|2132
2340|2328
2947|829
1805|2300
1328|2210
2214|2204
470|2326
2326|1670
1653|2209
1376|2213
1805|1811
1555|1328
1338|2328
2214|470
1515|2328
2102|2776
1808|1367
2343|2342
55|2330
44|44
1805|1666
1756|2228
1742|1805
2326|2318
2257|2453
2209|1068
1805|1525
2340|2204
1627|2280
2769|2326
1933|1805
2299|2343
1798|2730
470|1403
1642|1798
2326|1541
1587|2947
2328|2210
1550|1805
1100|1785
1554|2784
1803|1805
831|3087
1358|2330
1553|1795
2307|2328
1334|2327
2326|460
1759|2748
1526|1524
472|115
1759|2333
1532|1526
2608|1805
2775|2783
1526|2238
2208|1657
2236|2210
1642|1805
1553|1541
2330|2912
1658|2333
2204|2342
1482|1758
2412|1805
2559|2333
2577|1016
2577|1535
1028|1587
2326|533
2286|1374
1798|1750
2210|2344
430|2329
2286|1784
1805|1377
1052|2333
2333|2343
1808|509
2571|1805
2208|1666
1553|1358
1759|2210
2577|1328
3167|2257
1808|291
2208|1558
1370|1762
2238|2317
2326|2406
1798|994
1788|2286
2410|2208
1805|1330
1528|1671
2326|2244
429|2209
2776|2774
2328|2237
2992|1805
1074|1805
1578|2327
2208|1742
2326|1806
1596|2326
1403|2242
3171|2208
971|1329
1805|1336
470|2209
1100|1060
1370|2280
1578|2243
2330|251
1640|1328
255|2228
1760|2330
2343|2818
1392|2330
2330|1360
1482|2947
302|1328
1805|475
1687|2237
2346|2280
2449|1805
1534|2776
1805|1762
2277|2327
1638|2209
2330|2208
2330|850
2353|821
2330|1529
1798|1853
2277|1798
1756|2300
2209|2580
968|2328
1759|1553
2344|1658
427|2286
2085|988
2326|2770
2326|151
2208|1696
1052|1940
474|2236
2329|983
2338|2328
2243|1034
2762|2328
2326|1529
200|1798
1370|1329
829|1526
3171|1759
2529|2343
292|1355
1751|2326
2213|2320
2328|2522
1805|1173
2328|1723
1758|1752
1525|1742
2326|1731
1798|2818
87|2330
2342|1800
1033|2243
1798|1331
2208|474
1355|1554
1749|1798
1849|1806
2347|2208
1519|2209
683|1328
2275|1705
1100|2354
1544|2330
1003|2132
2286|968
2326|2263
1620|2326
2208|1360
2912|738
988|2984
115|2333
115|1677
831|2221
2286|1331
2307|2240
988|1761
1798|1033
1643|2208
2343|1578
2286|829
2237|1696
255|2280
2213|2326
2208|1524
1557|971
2208|1158
2326|1657
2208|2109
2328|2334
2330|1806
2947|1799
2947|2309
1798|1798
2090|2328
2236|2341
1641|2326
2330|2629
3156|1705
2085|2330
2330|1371
2327|1782
2344|2948
1060|2341
1523|2214
2353|1752
1759|1587
2209|1798
2330|2415
2854|2326
1808|2214
2345|1328
2344|1578
1554|2340
1759|1526
2413|2208
2328|988
1328|1396
2085|1553
1658|2236
2236|1535
1558|1060
1525|1016
1809|1784
1587|2325
2280|1759
2785|2326
1119|1705
2222|1403
1535|2804
2208|2571
2208|1811
2328|2108
1696|2354
2208|2748
2330|2240
1697|2208
1396|291
1520|1805
3199|2326
2327|1666
2326|107
292|1526
2213|1553
1381|2330
1268|2286
2571|2330
1679|2213
590|2209
1679|2328
1687|2326
2257|1793
2236|1532
1705|1100
2327|1372
1358|1805
2209|2583
2328|151
1798|1627
2317|2106
2286|2775
2084|988
2947|2947
429|2341
3103|2330
1807|1807
1034|1033
1503|2286
1396|2912
1403|1526
2208|1367
1396|1554
2848|1553
2328|2238
1539|2330
2965|1798
1328|1529
1401|1758
2309|1553
2353|1532
2348|1756
1052|1052
2317|1666
470|1401
1798|2425
1524|988
147|1328
2106|291
2353|1544
1403|1396
1985|1798
1515|2317
2353|2456
2326|1205
86|2328
2698|2326
1328|1586
591|2326
2326|868
1034|1578
2242|2238
2412|1374
1805|1655
2102|1526
1552|2326
1396|2343
1401|1526
2286|1782
2328|1396
2343|1800
2883|1788
2236|1523
2326|1373
1524|1535
261|2328
2317|1555
1554|1587
1805|2981
1947|2286
3160|2326
2328|2354
1542|2209
1428|1328
2208|1807
2263|1372
868|1798
983|983
2330|2409
2290|1554
2776|1528
1798|470
1034|1100
1517|1788
2326|2077
2331|1805
1658|2984
2522|2280
2965|2317
1587|2317
1759|2236
2947|2887
2327|3196
2286|2320
1370|1667
1777|2326
2209|1784
1527|2330
2236|1403
1742|1798
1328|2238
2209|988
2204|2210
1805|1657
2307|1534
2330|2276
2340|2228
2236|2242
2213|2213
2204|2280
2328|1052
2947|1587
2208|2300
1541|2326
2560|1805
2238|2333
2208|1205
2026|2326
1859|2330
2208|293
1524|2209
2343|2354
1798|1121
1554|868
2085|3087
1705|1784
2414|1526
1427|2257
1028|2317
1526|2947
2286|2339
2317|1586
1529|1788
1097|1328
1805|3159
1553|1705
2328|1524
1798|2299
1516|1805
2410|1658
2948|2208
1940|1034
1119|1805
2317|2701
1095|2209
2326|835
115|2984
2344|2748
2353|2947
2257|1750
1759|1808
2208|1331
2286|1587
2327|1627
2210|2776
1396|2317
1749|1805
788|2343
1759|2325
2353|1761
2208|2294
2263|302
1792|2330
2328|1670
1853|2343
477|1538
981|1805
2208|1638
1381|2947
1408|2286
1542|1328
1756|2204
2286|1329
2621|1358
1370|1034
2354|1331
2236|1669
2326|2458
44|1788
2286|2340
2210|988
1554|2522
2329|2341
2208|2238
2341|1805
1060|1558
1596|1034
981|1553
2326|448
2298|2326
2409|1696
1338|1658
2208|1004
291|2770
1794|2208
2327|829
2294|2343
1531|1553
1805|1791
590|2328
1778|1705
1381|1578
2208|3038
2331|1782
1529|1798
2343|2327
2210|1947
727|1798
427|1553
1396|1538
2326|2730
2228|1782
2344|2236
1627|2213
1587|2286
2208|898
1553|2781
2327|1761
2330|2353
2280|1373
2213|3088
1574|2326
2307|2327
969|2333
969|2571
831|1677
2214|1028
968|1677
1093|1328
1526|1355
1533|2776
529|1328
2205|2280
1749|2904
994|2424
1526|2784
988|969
1553|522
2307|1799
2330|115
2336|2341
1016|2326
2275|2328
1849|1940
1853|1798
1805|2412
2343|951
1426|2326
2342|2342
2330|560
1805|1643
2328|1401
1805|2058
1568|44
1403|1759
2208|1054
2328|1389
2209|1218
2205|2208
2330|2070
1568|1358
1403|1363
2330|2463
1805|1371
2204|1396
1328|1667
1966|2209
981|2208
2330|1358
2848|2330
1808|1526
1529|2353
653|2209
1555|2326
2890|2208
2210|1578
2558|2243
474|474
1553|2883
2243|2317
1329|1328
2213|1534
2208|1940
2948|3145
2050|2257
2238|1328
2415|1017
2803|2328
2326|1377
1527|2214
3087|3087
1759|2242
2204|1358
1060|2209
2242|2214
2210|1805
2326|1337
2209|2456
2353|1375
1364|2213
1553|2238
2882|1798
2343|2213
1578|2344
1526|302
2109|429
2348|2350
1372|2340
2404|2317
1758|1758
2571|2214
1032|2209
1117|2326
2344|212
2326|396
983|1568
1808|2076
1524|2344
1403|988
2209|2167
1396|2243
2209|1367
2330|2783
1805|1359
1809|1805
2208|2244
1798|2345
1642|2330
1798|2673
2774|2286
1931|1805
2286|472
1033|1033
2330|1002
2257|2346
2336|1328
1666|2326
2270|2286
2243|2330
1358|2776
2548|2328
2984|2317
2208|1788
2330|1749
1526|868
2228|2330
2317|1670
611|1805
1586|1052
2326|1355
2286|1666
2286|2622
2208|265
1358|1553
2403|2343
1705|511
1761|2327
2210|971
2344|1627
2353|1401
1553|2299
2286|2770
2334|2326
2330|1751
1032|1785
2912|1535
2912|2882
1785|1705
1805|1396
470|1554
1526|2333
2331|2326
1756|2330
2328|509
2307|1798
2883|1328
1396|1100
2294|2983
2965|1523
1745|1805
1966|2328
1658|1554
1539|1805
2330|1338
3193|2213
2209|1401
2257|1658
1338|2208
2333|1705
1757|1805
1524|1374
2351|2327
1528|2236
1410|2208
2317|3140
1799|144
1798|1523
971|365
1557|2341
2344|2330
1853|2344
2208|2665
2665|1805
426|426
1933|2326
1853|1759
1328|2776
2343|1753
1100|2237
1759|2300
44|1482
2209|1373
1328|1538
834|1553
2208|1678
2347|2330
1523|1328
2344|2108
1798|1849
1324|302
2328|487
2240|2236
2209|2327
2329|2947
1554|115
1806|2204
1381|2209
1798|1524
2506|2326
1671|1538
1805|2622
1696|1401
1410|2237
2336|1808
2882|1396
2326|20
2327|1052
2327|3032
2209|2983
2257|27
1553|985
1524|2221
2214|2209
2965|2343
1586|1785
2317|2340
1526|1758
1808|1754
2214|2912
2208|844
1777|2209
1528|1538
2215|1328
2947|2403
2577|2343
2102|2326
1671|2330
2346|1792
2340|2984
1849|1587
1100|1555
1786|2327
2784|1742
1755|1805
2208|533
115|2571
2317|2904
2333|2286
1639|1553
2208|2318
1955|2286
2280|1554
1808|1401
2307|2280
1324|2424
469|2209
1809|2328
2882|2286
2776|2412
2340|2887
2412|2412
2888|2330
1541|2214
1798|2588
1780|1803
1749|1803
1416|3145
1324|2904
1697|2424
1745|1803
1614|2904
994|2904
2097|1532
1749|2478
1614|2879
2097|2879
1614|2478
994|2478
2529|2904
377|1401
2912|1627
2307|1016
2577|2665
2307|1638
2949|1016
1554|2085
599|2236
2559|2748
1097|1519
1097|1483
1523|1331
2307|987
1558|2325
2949|1535
1546|1401
1524|1392
1524|2353
2522|1328
2420|2330
2210|2320
1328|1540
3171|1328
1060|1052
2236|302
2344|2343
2331|1705
1808|2238
1758|1759
2209|2702
1524|2984
1754|1750
1636|2286
2330|964
2213|2448
2286|1808
2342|1798
1558|1034
291|1100
2353|1655
971|2299
1749|2209
2343|2263
497|1798
1798|1068
2221|2326
1777|1777
1555|1798
2209|1100
2254|1798
1805|1800
2353|2340
1786|2326
1553|1403
2294|1033
2891|2208
3070|2213
2330|2525
1524|1524
1553|434
1333|2208
1541|1798
2330|1853
2328|1367
1805|1085
2354|2776
1805|2366
1536|2326
1805|2447
1555|2343
1545|2286
1807|2327
1074|1328
1253|2330
1807|2330
2328|1360
448|2327
2353|1799
2339|1752
2412|1525
2208|1960
1809|2317
2209|2096
2326|1544
2649|2209
2327|1596
1412|2208
2327|2344
2208|2804
1760|2209
2236|1016
291|2343
2984|1752
291|2208
475|1523
2209|1627
988|1526
1069|1782
2784|1554
1553|1550
2971|1798
2295|2330
2342|1750
3160|2209
2208|519
834|2237
2208|87
2307|1100
467|1482
1762|2328
1808|1800
1401|2343
1586|2325
2326|1023
2387|2214
2208|1753
1805|2952
1032|2243
2912|1658
981|1401
2222|1401
1638|1410
472|1401
2293|1328
2948|1798
1396|2344
2621|1805
2109|1525
2213|1750
2065|1805
1805|1539
2948|1782
1100|1329
593|1805
2243|2208
1333|2326
877|2333
2208|1752
3167|1805
2317|1069
2432|2326
2353|1627
1658|1034
1328|2295
2286|2082
1410|3087
968|2236
2214|1373
2984|2326
1269|2208
2257|1705
2326|915
1798|1410
2947|2236
2295|1372
2330|470
1755|1755
1798|2195
1554|1396
1758|1753
2237|2240
1555|430
1759|1586
1805|1699
1528|983
168|2328
2774|2776
2327|1331
31|1805
2022|2330
2208|1538
2327|1798
1482|2257
2409|1759
1558|1853
1097|1034
1396|1523
1482|1372
1533|1541
2108|2328
2569|2326
1396|2330
2326|2629
2320|2320
2890|1798
2529|1805
2343|1754
2237|994
1798|2571
2096|1805
2280|2326
1749|1401
1389|2330
1799|2237
1396|969
1524|1344
2222|2132
1524|2804
2222|1396
2222|1534
1003|1396
1535|968
1578|1403
1052|2209
1550|2213
1524|522
1805|2717
1516|2330
1519|2208
2237|2523
1109|2208
1805|2464
472|2221
1758|2204
1364|1403
2286|2090
2272|2209
2213|2522
1370|1750
1003|2353
2326|1336
2984|1328
2327|2208
1482|1359
881|1798
1211|2327
3038|2326
306|1805
1028|1805
2330|2296
2339|1798
2559|1798
1097|2205
1798|1809
2330|852
2781|2330
2237|1392
1095|1761
1524|969
2237|868
2775|1553
2354|1798
1093|2208
2330|2645
2209|212
2330|2424
1696|2328
2327|1555
2343|511
2882|1100
1553|2192
1960|2209
611|2326
1805|2296
1000|1328
320|1535
1392|2237
2270|1752
2330|1527
2785|2208
2330|1568
2320|2213
1805|1979
2441|2309
2340|1526
653|1805
2665|1328
2331|2294
1587|2341
2449|2257
1955|1328
2205|1805
2441|2257
1554|2983
2353|171
1808|1915
1752|2328
2263|2344
2330|1795
2257|2340
2326|4
2237|2770
40|2330
1524|1401
2327|1401
2208|2837
2588|1805
1531|2208
2346|2326
2343|3011
2286|2570
2214|2109
2329|2774
1705|2243
2347|2210
1696|2343
2326|830
2353|444
2442|2263
2330|994
2912|1554
2208|2354
3031|2340
1483|1805
472|2236
426|292
1525|1638
969|2221
115|2221
988|2525
834|1524
2882|1761
1328|2192
2209|1377
2237|2297
1032|1528
1724|1553
2330|236
2326|2346
2882|1535
2213|2070
294|1805
2280|2344
1100|2344
2326|2588
1553|2804
2329|2299
2263|2875
1403|985
981|1403
1403|470
2299|2326
250|2326
2736|2328
2447|2209
1805|1064
2736|2343
2208|2106
2209|1535
2208|9
1761|1328
2463|2353
2353|1806
2280|2984
1524|2275
1857|1705
2882|1524
2947|2464
2328|1520
2353|1069
1515|2244
2204|1329
2208|2296
1553|1539
1396|1558
728|2330
255|829
474|2665
1666|2286
1578|2317
145|1805
2334|2330
1805|1086
2329|2456
1805|2453
1806|1756
2299|1805
829|2317
1525|2984
2209|2295
44|2328
1524|994
2328|1806
1805|2192
2328|714
1328|265
2326|87
2286|306
3171|2333
1758|1377
2214|962
1809|1034
1028|1578
983|44
1523|1526
345|2208
2342|1705
2984|2342
2280|1360
2326|1549
1067|1805
1370|1799
2286|1671
1100|2243
2326|1527
1805|2726
2341|2341
834|1805
2762|2330
987|2328
31|2208
1805|994
1667|2947
1558|1033
1798|1205
1552|1328
2333|1100
73|2326
2577|1553
2345|2330
1440|2328
1557|1482
1370|2317
1705|1785
2209|2887
2818|2326
2458|2353
1742|2327
1538|2344
2236|2065
1482|2333
1532|1805
1757|1578
1639|1805
1805|582
2214|1524
2328|1666
2947|2344
1756|2947
1550|2286
1529|2210
2238|291
2522|2070
2157|2326
2213|994
2286|1398
1696|1805
2330|1525
1524|1396
2591|2257
2237|2214
345|2330
2326|2280
1717|1805
2209|2215
1568|2328
1780|2208
1528|1052
2328|138
1099|2209
470|1535
1557|2329
2438|2236
2591|2208
1525|2333
1539|2326
2330|2706
2330|1033
1317|1576
2981|2257
1553|834
3038|1798
50|1554
1805|1792
2707|1328
2328|2425
2237|2213
3087|2343
1955|2208
1380|1798
422|422
1265|2326
1798|1777
1534|2286
2126|1806
1032|1805
2213|291
2456|2257
2208|2644
2242|2210
1697|2280
2949|2326
2882|2214
969|2236
2263|2342
2208|1389
2257|2414
1370|829
2340|2050
1100|1553
1544|1553
2317|1653
2409|2409
2412|1554
831|2571
1554|2132
611|1798
1849|2341
2328|2296
1586|1587
2263|1705
671|2327
2328|1373
2330|1524
2214|2242
2294|1586
1752|2317
2209|2334
2783|2326
396|2209
1805|898
1578|1060
2776|1805
2330|171
1678|2209
292|430
2208|829
347|2208
1052|1853
1069|2328
1553|829
2237|1699
2270|2209
2328|197
1100|2343
2257|2208
1328|2263
2208|2342
1185|1328
1807|1759
2353|1403
1798|1515
2006|2326
2775|2775
1806|1777
2209|3088
1403|1344
2330|1541
2237|1523
831|2326
2294|2328
1587|2983
1586|2210
2328|1555
2571|2326
16|2947
472|1403
1535|1396
2346|2354
2326|1643
470|2327
3088|1808
1525|2317
2326|1671
2741|2328
2328|1777
1687|2286
475|2084
1805|2325
2522|2109
2430|1798
1622|2326
347|2326
2290|2326
2204|2336
496|1759
2343|1558
2209|1427
2267|1805
2342|1328
1034|2330
2286|2782
1636|2328
1805|2645
1658|1060
2309|2257
2326|2221
429|2109
2736|2208
1759|511
2286|1552
2403|1100
2343|2286
2209|460
2208|1546
2330|2797
1670|1798
1808|1759
2280|1758
1482|1784
2192|2983
988|2343
1627|2237
2947|2334
2209|1849
1548|2330
2326|887
2947|1374
1666|1100
2257|1587
2214|1403
1328|1528
1032|2983
2912|2214
2317|2583
1798|1943
2286|522
2328|2010
2774|1555
2330|2425
151|1805
2354|1759
2353|2413
2330|3114
2105|1328
3198|1805
1528|1586
1751|2328
2208|1068
2984|1374
1777|2317
55|1758
1401|2327
1756|1100
2326|2108
1617|2330
1798|1755
1857|2344
1328|1482
2353|2525
2348|2330
2326|470
1396|1528
2326|2525
2353|302
2327|1756
2236|1758
988|1535
2948|1303
2257|20
2784|2326
2213|2242
1528|1329
2330|2406
1541|3087
1758|1372
2090|2326
2327|2403
492|2326
1798|1359
2328|2346
2208|2583
1558|2243
1032|1759
2949|2257
2328|2342
1374|1805
1688|1328
1524|2317
2286|1540
1805|1856
2209|728
2208|2210
2208|2424
1119|2326
1525|2353
1805|1547
2343|1799
2204|1524
1069|2208
2996|2213
2333|2320
2344|2228
3140|2326
1529|2412
1554|2240
1798|1778
2326|2398
115|2327
2912|1526
1542|2208
1639|2326
1859|2326
44|2208
2326|590
2209|1659
2257|1801
1806|2210
2545|2209
345|2326
1370|1587
1535|2912
2208|1777
1376|2236
2257|2328
1944|2326
1525|2328
2344|2204
2328|3160
2351|2330
1529|470
2286|151
307|1553
2343|2333
2522|1553
2214|1798
44|2776
1540|2208
2280|2109
2293|2326
2354|1758
829|1803
1328|1374
2317|2736
2205|2308
1546|1396
2307|831
987|3087
1403|2912
2257|1668
1678|1678
2785|1805
2336|2353
2105|2326
1531|1805
1807|1785
2361|2326
2353|1792
2882|1529
2300|2326
16|1798
1558|2343
2947|2948
1751|1751
2326|1940
1033|1586
2326|985
2327|1553
1799|2341
2317|1658
2222|1799
291|212
2286|2432
2333|1753
1403|1578
2090|2257
3199|1805
2326|1641
1805|2571
1777|2343
851|1798
2208|475
2409|2947
1516|2326
3087|1553
829|1782
2090|2317
1759|2947
2353|1782
287|2326
1661|1328
1095|2330
291|2213
2353|1642
1483|2209
1060|2263
1381|2263
2327|1367
833|2330
1093|2330
2208|2334
542|2209
2330|66
1548|2214
2208|2406
2330|1336
2353|2263
2280|1532
988|1529
1642|1759
2208|2174
1553|519
2317|1849
1410|1529
2783|1553
1568|2209
2326|1493
1780|302
2882|2354
2327|2366
1642|2317
2326|2782
2286|2891
2215|2208
2208|448
1798|2870
2449|2320
441|2209
1939|2409
2208|2645
1524|2340
1756|1374
1801|2330
2328|2279
1798|1597
2829|2327
2326|2076
1799|1756
2343|2952
2242|1100
2330|2347
2208|1032
2286|66
2328|396
1781|3183
2438|335
1781|1133
467|2492
494|2492
2438|2492
2875|821
494|3183
1781|2492
2438|821
467|3183
2875|335
1781|335
2947|821
2875|3183
1781|821
2438|1133
2875|1133
467|1133
494|1133
494|335
467|335
2342|2353
2236|474
250|1798
1805|151
2403|2209
1526|2984
2298|2330
2204|2286
1535|3087
2727|2326
2208|969
2286|427
1805|236
2333|2983
1597|1805
2326|2403
1620|1553
474|2208
1805|61
2208|2347
2326|2701
1526|2414
2297|2237
1483|2328
1253|1805
2328|2302
1269|2209
1753|1374
1940|1853
1097|1849
2333|2328
1503|2326
2998|2333
1705|2328
2330|156
1370|2237
1068|2326
2330|1331
1798|2019
1069|1373
1095|2525
2317|1777
1403|1392
2522|2341
2237|2984
2208|1543
1482|2775
2270|1100
2346|2208
2340|1328
1696|2236
1696|988
1534|2280
2776|2208
1759|1799
2097|3145
2328|1742
1542|2326
2326|2559
2382|2209
2326|2256
1809|2290
2326|3088
2213|1034
2242|2342
2209|2346
345|2286
2327|1069
2257|565
1805|1534
2354|2257
1800|2343
2209|2353
2560|2330
2340|1705
3158|2330
1627|2263
590|1798
1415|2236
1553|2782
1328|2106
2108|1705
2213|2336
2325|1705
1805|371
1805|529
1587|2244
1705|2413
1538|1100
2523|2523
2326|2967
2209|1408
1526|829
2326|2984
2330|2195
2270|2270
1554|2221
2947|2408
1401|2344
31|2326
147|2208
1099|2341
2208|396
475|1328
1853|2325
1798|1377
1554|830
2097|2343
1760|2425
1940|1805
1532|2343
2210|1759
2257|2404
2328|1678
1553|2257
2257|2629
2340|1578
2209|1671
2309|2286
2293|1759
1401|2208
1534|2326
1812|1805
2296|1328
1697|1805
1985|2328
2326|2228
1554|1808
2328|1627
1528|2354
1552|2328
2769|1805
2337|2337
3198|2257
40|2208
2965|2342
2413|1805
2213|1523
2201|2213
1526|1329
2343|1069
3153|2326
2208|1659
2236|1525
1669|1328
1799|1799
2280|2077
2237|1785
1085|2326
2208|653
3017|1798
529|2330
2209|50
2330|448
2326|1344
255|2328
1334|1627
2237|1375
1155|2326
2327|2622
1762|2341
2800|2330
1016|1526
1517|1482
2545|2328
2317|1788
2775|1788
2237|831
1752|2343
306|1034
2409|1372
1302|2330
2947|1801
1639|2208
2848|1555
2330|2354
2343|2821
2339|2341
255|2947
2327|2340
2984|1782
2344|2237
66|1805
2208|1517
1809|2340
1761|1798
2326|834
251|1805
2238|1784
1538|1705
1667|1328
1759|1806
2280|2347
1653|2208
2058|2327
2326|565
1805|212
900|2209
2307|2090
1558|1805
2330|1064
1758|1705
2209|2414
1760|2326
2343|2350
16|2208
1805|1364
1805|136
2257|2424
1534|1798
1805|1641
1032|1558
1524|987
2559|1033
1940|2344
427|1742
1370|1100
1798|829
2333|2237
1528|2070
737|2326
1554|2243
2353|1331
1530|2330
988|2882
1798|1947
1805|1366
2237|1806
1805|1129
2875|1328
2333|2242
2257|2339
2326|1915
2353|2214
1799|2342
472|1799
1528|2237
1396|971
2326|2775
1533|2213
1705|1034
852|1526
1420|2343
2109|2209
2330|1756
2904|1805
1752|2330
1541|2209
2522|2330
2331|2209
2050|2317
2790|2257
1808|1687
1060|1940
2214|2775
1785|2328
2326|1069
2210|1482
1396|1553
302|302
1558|2214
1806|2328
2947|3183
1798|1751
2410|2343
2786|1805
1396|2403
2738|2208
1658|2342
2237|2781
2257|1782
2885|2326
2353|1374
2208|565
2237|971
2353|1784
475|1554
2343|2966
2441|2280
1328|1793
1034|1032
2257|2244
2346|2330
125|1805
1100|2984
2891|2236
1849|2343
2320|1756
2409|1809
2286|834
2344|2947
2328|2337
2328|2213
1805|1970
2243|2327
1526|1761
1798|2221
2208|968
1358|2214
1805|2812
1097|2403
1381|2280
2084|2330
2346|2228
1118|2330
1081|2209
2327|1374
1597|1705
1778|1805
1696|2132
2330|2701
1246|2353
1684|1805
1555|1784
2327|2347
1798|1336
1555|1788
1482|2317
2329|2353
472|1554
1749|1553
2340|2947
2228|1759
1523|2327
2770|2286
2326|1679
1056|2326
2331|2210
2343|2307
1328|365
1805|851
2290|1798
868|2770
1805|2685
2903|2326
448|2947
2327|1677
1100|2210
1758|291
1523|1069
2272|2326
1555|1554
1639|2330
1745|3145
1410|2333
2209|2891
1578|1328
1799|2463
2237|985
2339|2213
1805|1312
2208|592
2442|2326
2558|1060
2412|2237
2354|61
2330|1696
2955|470
949|2328
1100|1666
2992|2326
1554|1784
2948|2328
2888|2257
2330|61
1805|835
590|1805
1526|430
2970|1756
1370|1758
2345|2208
2947|2210
1761|2208
1546|1553
2210|1403
1554|1777
1788|1526
2209|1396
2447|1752
2326|365
1392|2209
2257|2448
2210|2294
2330|1653
1526|2525
151|2336
2286|2077
2317|2571
2529|2424
1614|3145
1629|3145
1416|2904
1697|3145
994|2875
994|2879
377|1803
377|1532
1749|2875
1780|2904
1416|2478
1416|302
469|1793
1629|1803
1416|1803
1416|2438
1745|2438
377|2904
829|1793
2529|2478
2529|1532
1745|2904
1697|2875
1697|2904
2529|2438
1614|302
1629|2904
1614|1401
2529|302
469|2904
2529|1803
469|1803
1614|2424
1629|2424
1749|3145
377|2438
469|2438
1614|1803
1697|2879
1324|2478
1780|1401
469|2478
377|2478
829|2875
1745|2478
1324|2438
377|2875
2529|2879
2529|2875
2529|1401
1749|2438
377|3145
2529|3145
1780|1793
1697|1793
1780|2875
1324|1532
1614|2438
1745|302
1614|1793
1629|2438
1629|1793
2529|1793
377|2424
2097|1803
1745|2424
1629|2478
1745|1793
1416|1793
994|2438
1780|2424
2097|1793
1780|2478
377|1793
1745|2879
1416|2879
1780|2879
1324|2875
1324|2879
829|2478
1697|2438
1780|2438
1697|2478
829|2438
1629|2875
1629|2879
469|2875
1416|2424
2097|2438
377|2879
2263|2438
1745|1532
1265|470
1638|1535
1749|1016
1535|519
2317|2331
1097|1516
2077|1069
2077|1516
1658|968
2558|2325
1940|2325
472|987
1392|1523
2804|1677
2804|2236
1461|2132
981|1546
2222|1546
1003|1546
834|1546
1620|1546
988|1396
1546|2353
1805|2818
2238|1554
1550|2214
2409|1085
2331|962
2210|2214
200|1759
1805|2803
2347|2257
983|1742
2327|1805
2774|1528
1558|2208
2330|2238
2236|2342
1938|2326
2947|1795
2984|2275
2948|2257
981|1799
981|1396
472|2132
1660|2237
981|2132
2882|2132
2350|2330
1805|1119
1759|1658
2302|2257
1784|2209
2330|2163
2551|1805
2275|2343
2353|1558
1396|2286
347|2328
2338|2213
1302|1805
404|2326
1799|1759
2236|2912
850|2208
2330|2419
2327|1806
2213|2344
2333|1034
1805|1523
1808|1636
1988|2326
1596|1849
261|1798
2263|2879
1809|1586
2214|2236
427|1526
1642|2208
1750|2343
2328|1696
2329|2317
1500|2326
1392|1553
2326|2205
2414|2344
1034|2108
1965|1805
2118|1805
1396|1799
1798|2096
2523|2237
1758|1750
1806|1588
2275|1759
1524|2774
1859|1798
2330|2498
2317|1060
1777|1705
2326|2568
1578|2333
2214|44
2340|1403
475|1397
2569|1805
1416|1532
2307|2132
1553|1392
2456|2330
2286|3160
2209|1586
1805|2489
2244|1782
294|2208
1752|2403
1798|1371
1759|212
1807|2328
1807|2984
831|2333
1403|1482
1943|1328
2328|1807
2085|2326
2328|1529
1553|830
2354|1705
1328|2571
2263|2341
2330|1402
1749|2327
2983|2208
2342|2340
2890|1805
1557|50
2343|2398
1667|2776
1985|1756
1887|2342
1798|2347
918|1805
1834|2208
2243|2286
2437|1798
2343|2403
2984|2333
2286|987
1751|2453
1554|987
1328|2912
548|1758
2350|1798
2257|1756
2326|898
1091|1805
1334|2213
2327|1586
2326|2890
287|2208
2330|3160
2330|292
2414|2326
2345|2257
2214|2237
2343|3159
1800|2208
1808|1503
2328|1642
2208|3017
2286|2240
2336|1374
2236|2333
147|1805
1780|2343
1805|1731
2327|1353
3053|2286
1798|1596
2438|3183
2343|1377
2214|1528
1538|2236
1402|2326
2090|2983
1069|2344
1328|86
2326|850
20|2330
2221|2330
1849|2263
2286|2295
125|2326
1798|3087
1805|487
1526|2336
2996|2208
2236|2237
2214|2333
2387|1805
1381|2415
1679|2317
2210|1546
1696|2208
1146|1798
1052|2330
2947|477
2571|2209
1427|2208
2812|1805
467|2208
1805|1121
2070|1553
2263|1532
115|2257
2736|2209
2257|2709
1534|2353
1528|1578
2299|1328
302|2237
2102|2109
2214|50
1638|2327
1679|2236
988|2344
2329|2280
1333|2330
1426|2208
2327|1699
1857|1034
2996|1805
1805|2892
1805|592
2327|3125
3087|2984
1401|2236
1529|2344
1809|2209
1328|2279
1687|212
843|2236
2330|1190
1752|1752
2679|2326
1805|422
1620|2214
1758|2263
1742|2330
2339|1758
2770|2770
2327|2983
2202|2213
1940|1060
1940|1849
2110|2214
1805|2614
1408|2330
1328|2408
1857|1805
2257|1754
1554|1557
1328|1792
1578|2325
1269|1805
2213|1784
2213|511
1328|1355
1403|1099
2947|1578
2157|2208
1806|1403
2890|2213
2948|1752
2326|2065
1587|1785
2208|2313
1809|1792
2327|196
2070|2776
2328|1940
1805|2238
2327|1742
1427|2341
1809|2319
2354|2354
1745|1798
2294|2237
2006|1758
2209|1121
2327|1528
1805|3071
831|2328
2344|1032
2343|2329
1805|2883
1805|1940
2327|1097
1742|1328
2820|2326
2329|2320
1403|1023
2326|2350
1805|841
1535|2333
2548|2326
165|1805
1553|1530
1548|1526
1541|2286
1740|2326
2983|1759
1758|1396
1554|2883
1777|1756
1557|2447
1798|3000
1523|2280
1524|971
1016|2330
2208|2927
2339|2328
472|1396
1541|2237
1805|1610
2221|1328
122|1805
2208|2221
2343|9
1148|1705
1658|2210
1756|2970
2208|761
2730|2330
1749|1793
2353|2438
469|1532
2097|2904
831|738
969|738
115|738
2317|741
3087|738
968|2221
968|2571
2240|2571
2882|2525
1329|2326
2236|3087
2208|2528
2343|2415
2208|1699
2515|2336
2208|472
2280|1568
1358|2204
2353|3196
1067|1798
1526|1666
1529|1482
2209|1915
2354|2280
1657|1798
2326|841
1381|2341
2800|2775
404|2209
2085|2328
2204|2344
1798|2351
1799|971
1805|1471
1518|1328
2353|2295
2326|214
2213|2204
2330|777
2097|2326
2413|1705
1419|2328
2307|2353
2947|2342
1373|2328
1805|2340
1808|1805
1799|1328
2344|1791
467|1805
2409|2257
1798|2386
2307|1677
1586|2342
1519|2328
2214|1784
1390|1805
1553|994
1554|2347
2211|1554
2344|1798
1798|2507
2257|1372
1370|1553
1805|1060
683|1553
1705|2342
1526|2883
3087|2208
2226|2326
2949|1553
1068|2208
496|1805
2327|2035
115|2236
719|2208
2208|1629
2348|1805
2208|1755
2330|2342
2286|448
2330|86
2350|2257
1085|1759
1717|2326
1052|2341
1587|2237
2350|1750
2263|1578
2888|1798
2736|2330
1798|1782
448|2326
1805|2944
2353|2344
2333|1587
1756|1558
2208|2966
1853|1100
2327|1793
1554|2782
2204|1328
1544|2286
2340|2403
988|2286
1384|2330
1052|1587
2344|1639
2236|2984
1640|2209
1805|1355
2236|2879
3177|2326
2330|1408
1428|2343
16|2328
2354|2326
2346|2209
962|1759
1806|2326
2317|2243
1805|1529
1805|676
1117|1798
2101|1805
2330|1403
2208|987
2328|711
1805|1793
2328|3085
1534|1808
1554|448
1552|2236
2949|474
850|2280
1100|1528
1627|2330
2984|1069
2456|1798
1759|1403
1554|834
1587|2343
1524|1523
2330|713
2346|2213
1679|2237
1032|1034
2286|2347
2998|1805
2412|2208
2242|2947
1597|2326
1758|2354
1798|2043
1798|877
1528|1806
2209|2748
971|1524
2375|2257
1528|2109
2340|2456
2317|2447
430|2109
2307|2263
2327|1535
1805|827
2317|2090
2912|115
2662|1805
2236|350
1533|2353
1328|599
2214|2882
1043|2209
1095|2236
1403|2333
1723|2236
2330|1548
509|2286
2044|1805
2280|1097
2522|2214
1133|1805
2883|1555
2215|2215
1739|1328
2353|2299
2882|1534
1427|1805
1026|1328
2340|2333
2948|2984
2108|1034
1372|2330
1678|1805
2328|1525
2226|1798
599|2326
1805|1975
2263|1069
1812|2343
1805|2045
1554|430
2947|852
2336|2947
1364|1482
468|467
2330|2109
2551|2209
2344|2263
1553|472
1759|1751
263|2209
1370|2050
2025|2343
2208|1334
2286|1947
1396|2353
2327|2944
2353|2342
50|1788
2209|1331
1519|2326
982|1328
2447|1482
1653|2286
1630|1328
2352|2983
1533|971
2414|1553
2070|1742
1373|2286
829|2208
2353|1757
1762|2208
2317|1358
1034|1666
1798|3131
1587|1578
2280|2403
1531|2326
86|2346
1033|2209
2343|1627
2210|2404
1526|1947
1805|2331
511|2317
2432|1328
644|2328
1649|2326
2209|2413
292|2286
1396|2238
1553|2329
1586|2948
2237|738
1370|1806
2670|1805
2326|2632
2327|3109
1396|115
834|834
2344|1782
1525|1100
2344|1533
2790|2208
1392|1805
1805|1777
1328|1533
1798|2263
1553|2221
2574|1805
2776|292
983|1358
2214|988
2741|1805
1553|2240
1791|2326
1550|2209
2353|2317
2272|1758
497|2326
1679|1328
2280|1526
1853|1849
1805|1803
2326|2414
2208|1903
2328|1428
1798|2513
2209|1525
1799|2456
2326|2052
2237|2571
2317|1538
1415|1798
2097|1401
2326|2415
2555|1798
1658|2213
2453|2327
2236|988
2353|2236
2275|1758
1930|1798
2237|2210
2348|2257
2340|2346
291|1568
1411|1798
2400|2326
1625|2326
2286|1366
2336|1758
2328|2090
1069|2330
2344|1777
2208|1146
2280|2438
1523|2286
2327|2790
2330|2319
2327|2302
1806|2209
1849|2108
2883|1947
1957|2776
1653|1653
1805|2678
3160|2208
205|1403
2208|2972
1940|1785
1395|2326
2258|2330
2208|2096
1328|2983
1396|1759
2286|2883
2399|1805
1033|2343
40|1798
1805|2263
2983|2947
122|2330
1785|1328
829|2904
1629|1328
2326|2295
2353|2334
1705|1033
2280|2209
2449|1798
1697|302
1629|302
472|968
2307|1529
1401|1410
2257|2050
1503|2983
2237|1658
2353|1085
320|2326
2441|2330
2209|291
1586|2263
2342|2286
1328|1630
2326|968
1370|2350
2208|1671
2210|1705
1805|829
2574|1328
1396|1344
1396|2132
1636|212
2070|1788
2209|509
2984|2286
1798|2192
2617|2327
2342|1758
151|251
1786|2317
1805|1375
1805|845
2326|1596
1328|2947
1416|2875
1658|969
2307|2999
1525|1758
2295|1482
2769|2330
2330|2789
2208|2302
1503|1554
2256|1805
2328|1032
574|2208
2883|2237
2967|2326
2330|2213
988|831
1553|50
2237|1525
1328|2082
2236|1661
1705|2681
2237|2204
2783|2208
427|1805
2330|293
2327|1255
1805|2507
1100|1587
2570|2326
1798|1120
1805|87
1532|2214
2347|2347
2317|3171
2263|2340
2204|1752
2326|2937
2286|430
2210|1784
1527|2286
1328|1810
2339|2210
1535|971
2328|834
1749|2330
1705|1403
1069|2327
2213|1658
2210|2891
1553|1355
1081|2330
2257|1010
2208|2511
2263|2333
1777|2327
2057|2213
868|2237
1517|2344
2256|1798
1805|1990
1416|2280
2328|1671
1805|1056
2326|496
2326|1284
1403|1535
401|2330
2286|1364
1639|1328
2157|1705
2257|61
2577|2326
1742|2286
2280|1781
1805|1282
2277|1759
1093|2209
475|2237
762|2208
372|1526
1751|1705
2330|1513
2330|2887
1069|1403
2353|1783
1805|2656
2344|1699
1849|1853
1773|1705
2006|2328
2093|2337
1756|2320
2208|1344
1545|2214
86|2947
2328|2559
268|2330
2209|299
2209|1355
2208|1856
2330|1269
1805|3120
2237|2354
2209|110
122|1752
2208|1514
3171|2328
962|2326
1596|2210
2286|1696
472|2343
1805|2244
1798|1060
2307|994
2330|3101
1805|770
1535|2214
2109|1329
1558|1372
2330|2644
2343|3120
1887|1553
2326|2780
1523|1798
3000|1328
2328|818
2209|1806
3087|2333
1483|2326
2105|2317
2738|1328
2317|496
987|2236
3087|2571
987|1677
1546|1546
1759|2280
1805|1562
1853|1052
2326|1659
472|2280
2237|1698
1410|2882
1529|2912
2296|1805
2341|1759
2984|1784
2286|1367
2237|1373
2317|1762
2340|2294
2327|2425
1785|2209
2208|1547
2328|761
2192|2204
2290|1805
2328|3179
2076|2330
2344|2214
1760|1805
1328|1394
994|2286
2326|1960
9|2333
1316|1798
1587|1586
1033|1798
1370|2415
2330|2966
1686|2326
1777|1100
1016|2344
2208|2736
131|1805
2330|1783
2277|2208
2213|2347
2965|2263
2346|2270
1659|2263
2337|2326
2328|212
2341|1705
2277|1758
2214|430
2761|2330
1799|2328
2453|2257
1697|1328
1687|2280
1428|2326
1901|1805
2276|2337
1211|1328
2330|1642
2809|1805
2208|2818
2326|1366
2209|1389
2226|2280
2294|2286
2981|2330
2330|2334
1759|2204
2213|514
2072|1805
2343|448
968|2327
2343|1391
1396|1534
1658|2243
2326|1334
1805|2302
1805|2568
2522|2236
2072|2328
1157|2326
2244|2341
1705|2948
2317|1533
2328|994
2327|1810
86|2263
2257|2415
1052|1558
2328|369
2208|3027
159|1328
291|2328
2208|1751
250|1328
2361|1798
472|1100
2237|472
1544|1555
3000|2209
1965|2326
2286|868
2208|2602
2131|2330
1524|1788
2209|487
1805|900
590|2344
3034|1759
2882|1799
1554|522
2272|1805
2242|2242
1805|942
2240|2333
1696|2330
2984|2236
2229|1805
1410|1535
2326|1856
2309|2407
2326|2279
2208|2290
26|2344
2294|1190
1849|215
1331|2257
1798|3196
2236|1887
2327|2353
2277|2277
2235|2257
157|1805
1617|1328
2331|1374
1805|2802
2441|2343
2202|2208
1705|2983
2333|1374
2328|2972
1554|2570
1736|1328
1553|1023
1524|985
1740|2208
2328|1533
1642|2209
2336|1782
115|1328
2280|2937
2342|2236
896|2330
1408|1328
1069|1809
1759|2342
1799|1119
2209|1638
1798|1538
2679|2328
1069|1805
1642|1705
2548|1805
2336|61
1696|2912
2327|2568
2904|2236
1528|1403
3167|2327
2765|2208
1809|1627
1401|1955
983|1788
2286|1541
2208|1337
255|1798
255|2270
44|2109
2573|1328
1348|1805
2330|1956
2317|1539
1705|2346
470|1534
2294|2412
2261|1328
590|2330
1484|2409
2103|1328
168|2343
2204|2329
2328|1659
1052|215
1785|1806
1553|1414
1392|2353
1533|1742
2208|1394
2342|2280
2343|2406
2330|2339
2257|2456
855|1805
2947|335
2875|2492
494|821
1100|2242
2343|467
2238|2456
2317|2415
1805|2683
2286|2522
2330|1544
2286|1530
2327|1785
1493|1805
2204|830
377|302
2097|302
1371|2343
2326|2167
2353|2280
1670|1705
1798|898
2090|1759
2330|2423
2333|1785
2097|2286
427|2208
2414|2286
1482|2343
2300|2330
2237|1799
1069|2983
1568|2414
2286|144
2204|2776
1528|2465
2204|292
983|1555
2209|2965
2453|2336
2286|3088
983|50
983|2109
472|2353
2286|460
2204|1534
2309|1805
2286|2221
2908|2208
1696|971
2330|2318
1555|1403
653|2236
1185|2214
2290|2770
1503|2770
2208|835
2412|1751
1686|2208
1568|2237
2336|2456
1370|2204
1658|1578
1334|1587
1805|171
2277|2333
1805|2345
1060|1798
2210|2280
475|2330
2237|1568
2522|2237
2208|2570
1798|2266
2999|2213
949|2209
2286|1762
2714|2328
2214|1731
2503|1805
1658|1587
2209|2498
2328|2331
2280|1784
1667|2326
1629|2280
1003|1401
1217|1759
427|2317
2209|1033
2947|2204
842|2326
2290|2983
2295|2286
1749|2879
2097|2875
1697|1803
2077|1553
1638|1677
470|1004
1524|831
1620|1403
1392|1403
1364|2326
2353|1371
758|2286
2408|2228
1269|2326
2354|2415
2209|2513
2947|2406
1805|3087
561|1798
1328|2221
208|2236
2192|1705
2214|1339
1396|2984
2237|2414
291|1798
2330|3
1644|1328
971|2774
2257|1588
1205|1705
1758|2167
2330|2965
1758|971
2329|2784
1850|2326
1554|2348
2983|2447
2326|2290
1658|1482
2965|2208
2286|115
2336|2340
1798|846
2506|2330
29|2209
1809|2337
1805|671
1403|2317
2270|2317
2209|1360
1515|1798
2209|2065
2214|472
1705|2236
3087|1805
1328|1120
430|1798
1805|1642
1586|1205
2330|1644
3080|2326
2328|1809
2620|2330
1596|2983
1538|2984
1554|3132
16|2326
2286|2839
1754|1754
2409|1750
2452|1805
1533|2344
2559|2327
151|2257
1675|1758
2209|2774
2327|1750
1364|1805
2209|971
2222|1524
2430|1805
2280|2204
1538|2333
1758|1526
200|2330
2226|2343
1328|1004
2412|1759
1805|2805
1809|1553
1557|2328
2326|2639
292|2344
2237|969
1524|1525
2327|1033
1095|2208
2275|1358
1578|1587
971|1947
2328|1364
1535|1526
1614|2326
2214|2334
2412|1533
3155|2209
2354|2330
1541|2328
2213|1358
1524|2215
1526|2257
2336|2326
1373|2350
1358|1358
1762|1805
254|2326
1085|2209
2559|2108
2328|1588
1531|2209
1798|2999
2338|2326
1641|2330
529|2209
1696|1799
2286|2336
2432|2237
850|1798
988|2214
2343|1757
1558|1798
291|994
3195|2340
2208|2205
1677|1798
1957|2208
1554|2738
629|2209
1743|1798
2102|2341
2209|243
2326|2195
2286|1539
1788|2208
1403|338
2293|2327
1756|2205
404|2330
1805|2403
2340|1756
2209|994
2854|1328
2327|2342
2242|1782
1805|1697
2209|1069
1394|2330
2295|2328
3158|2328
44|1358
2818|2213
1808|1784
2336|2415
2432|2328
2326|2246
2328|1580
2209|1762
1785|1756
1524|968
1805|369
427|2776
2270|2290
2307|1705
1705|1374
2412|1329
2353|2309
1749|2424
2412|2984
1068|2328
1887|2208
1515|2330
829|1532
2348|2333
2286|2192
1903|2326
2317|2412
2208|3101
2213|422
2328|1653
1205|1759
2638|2328
1408|1756
1627|1553
1808|1670
2326|2571
2237|2280
589|2326
1553|2270
1807|2209
1100|2257
1127|2208
1545|1526
1482|2346
2209|1060
2983|2205
1749|2237
1805|1408
1403|2308
1163|1805
193|1805
467|821
1292|1328
2895|2209
1696|994
1329|2242
577|2330
2701|1805
2737|1328
2297|2523
2317|2403
1032|1940
1525|994
1853|1558
1805|1625
2208|1149
2214|1363
1965|2330
427|2330
1809|2415
2947|1559
3153|1805
2412|2337
1586|2242
2238|2286
1526|1799
2195|2327
1525|1482
566|2330
2967|2344
1805|1411
2948|1809
2330|1630
2966|2280
1627|2344
2412|2424
2237|818
1679|1808
427|1568
2195|2208
1777|2280
2326|1016
1752|2214
2333|1784
2885|1805
1806|1759
2210|2295
291|1799
2829|2257
1540|1805
1060|2317
1783|2330
529|2326
1263|1805
2330|2683
2326|1274
2286|2112
2328|2673
2329|1534
3158|2236
1886|2326
2346|1759
2326|2781
2209|2210
2286|831
1687|1805
2286|1516
1805|3075
1362|2328
1165|1798
2463|1798
467|2328
2033|2257
250|2286
2971|1805
2228|2317
434|1553
1533|2280
1060|1806
291|349
2343|2447
1834|2209
1376|2210
2263|3196
2965|1482
1798|1639
2286|994
2791|2327
2210|291
40|2257
1667|1553
1849|1666
1686|2209
1669|2236
1617|1403
2327|2349
2330|1740
1805|1976
869|1805
3087|2327
2244|2343
1798|923
2338|1759
1416|2343
1554|2320
2006|2343
1808|2354
1761|1761
2882|2221
981|830
1696|2275
1696|2804
1696|1396
1003|1344
1003|1534
1696|2891
981|1534
2882|2240
2882|969
2882|968
1396|2240
2882|831
2208|2803
2237|1639
878|2330
1268|2326
2559|1587
2270|1798
2449|2330
1526|1550
2769|971
2228|2280
2327|1752
1749|2328
1857|1328
2257|971
1403|2342
1533|1533
1784|2330
2326|115
3117|2330
1758|2308
2344|2709
2209|2588
2209|3160
1553|2891
2330|2726
2106|2326
1776|2344
1798|1640
1558|1587
2208|2730
2412|1555
2649|2341
2765|1798
2330|1801
1558|2263
1554|590
1745|2875
994|3145
1553|1659
1528|2325
2208|1441
261|2412
404|1798
2328|2203
2622|2208
1781|2236
1805|2988
2984|2345
427|1555
2343|2456
2436|2326
1636|1568
1687|1568
888|2328
2327|1641
2326|2669
831|2327
2344|1807
2301|1328
2333|2341
2236|1538
2257|1615
1580|2326
2523|2286
1558|1578
1587|2340
843|2328
2328|1644
2208|1642
2971|2330
1358|2326
1746|2213
2326|776
2328|2272
2785|2330
2330|2175
2328|1915
2343|1016
988|2240
1759|2622
2571|2328
2209|2342
2738|2326
2208|3104
1805|2270
2257|2049
645|2257
2403|2238
1597|2327
1798|2210
2761|2326
2214|2336
475|1302
2208|236
2280|2812
1328|971
2328|1064
1427|2317
2330|2538
3158|2208
2326|2352
2208|1653
1671|1100
2257|350
2330|2622
2330|2412
877|2326
2340|2210
2330|1970
2158|1798
2328|1761
2320|2966
2342|2050
1531|2286
1168|2326
1162|2209
2298|1328
2330|1363
1578|1100
2326|223
2330|1282
2209|2354
2559|2213
2343|2210
2341|2329
2209|2812
868|1553
1053|2330
2329|44
1652|2326
1538|1671
236|2209
302|2344
1589|1805
1627|2983
2353|2159
2430|2209
2051|1798
877|1578
2236|2353
427|1798
2208|1806
1374|1756
1364|983
1517|2341
1114|2330
2326|2045
2280|2330
1557|1798
198|2326
1757|2209
1742|1100
1887|2947
2327|2727
2319|2237
441|2327
1653|1798
1052|2317
2447|2887
2328|877
2209|470
1542|2280
2353|335
2947|1133
1798|3100
843|2213
1805|2414
2353|31
2327|1554
1798|2727
1175|2213
477|2330
2588|2326
2456|2213
2330|1362
2965|1759
2333|2238
1328|1968
3159|2214
2209|2412
2242|2295
2984|2340
2257|1371
1671|2242
1515|2204
1376|2214
2326|1778
1931|2208
2327|563
1957|1805
2330|2724
2330|2652
1742|2214
2409|2403
2209|1661
2326|2879
1751|2984
2330|1350
1034|2213
200|2209
2670|2330
2290|2210
1539|1100
1100|2346
2330|496
1527|2353
2237|834
475|2326
2415|1759
2320|1785
1548|2208
424|2330
2965|1658
2026|2209
2327|2673
2587|2328
1528|2299
1759|1533
2409|1610
1568|2294
2508|1328
1620|1758
2553|2328
1658|2240
1328|958
1328|2237
1578|2341
463|1533
1303|2882
1303|988
1735|1397
2326|2275
2286|830
2523|2326
2257|2406
2327|2815
2354|1372
1578|1374
2330|1355
2851|2209
1085|2286
1805|1687
208|2208
2956|2208
1792|1328
2447|2336
2330|1173
1554|2090
1760|1756
2326|125
2330|2210
2275|2208
1794|2327
2447|1658
2326|2804
2326|2694
1533|2237
1060|2108
2344|1778
2765|2257
1798|2629
1805|2195
2353|1537
1324|2209
43|2209
2769|2329
2257|1578
1328|1054
2208|2453
1534|1553
1754|2209
1403|2221
2293|1805
2108|2344
2209|1052
1524|1482
2456|2263
1658|1799
2214|1410
1742|1554
1415|2947
1064|1758
2208|1598
1805|1158
1328|2525
1554|1947
1805|2891
2280|1396
1955|2341
2626|2330
2208|1084
2210|1523
1808|847
2330|3155
2192|1800
2999|2209
1684|2328
1373|2213
2875|2213
2262|2343
3179|2257
3171|1100
1519|1805
2344|1758
1798|2415
3195|2213
1527|2237
426|2286
2261|1758
1788|1328
2236|2077
1324|1793
1324|1803
1614|1532
994|1803
1614|2875
1697|1532
1629|1532
2097|2478
1849|2984
2205|467
1097|1557
2955|2353
1805|711
1759|1052
251|2214
1696|522
2279|2328
1799|2983
1528|1587
2346|2947
2236|291
2336|2327
2354|1723
2335|2342
2243|1849
2328|2570
1401|2354
2208|429
3198|2326
1798|1055
2208|2195
1569|1805
1578|1849
1805|1394
1754|2328
2242|2344
1752|1586
2329|2309
2337|1372
2354|2948
1370|2984
1416|1401
3088|1805
2820|2257
2442|1798
2984|61
1545|2326
1069|2326
2257|3154
2221|1805
1440|2326
2090|1097
2330|2327
2035|2326
2213|2214
834|1798
2326|1540
2762|1805
1317|2290
1317|1503
1546|1403
3160|2317
1554|2077
1855|1523
1396|1677
2955|2912
1265|2912
1724|2665
1749|2665
599|1677
2912|2174
2307|2085
2221|988
320|1669
2205|434
2077|2205
2077|2308
2077|1519
2077|2082
2077|1557
1097|2082
1523|2082
1097|2308
2077|1331
1097|1331
2077|468
2077|2403
1638|1403
2736|1526
1546|2275
429|2912
1100|2325
2559|2237
2326|1859
2326|1321
2237|1321
2317|982
2804|2221
2804|738
2804|2984
2221|2912
1392|2132
981|988
472|1546
1096|2333
1596|2343
1370|2952
1758|2270
1538|1526
1677|1805
1515|2947
878|1805
821|1805
1043|2330
2209|2409
2208|926
2343|2346
2109|2327
2353|2463
1705|829
2192|2328
2102|2344
1754|2340
1547|2213
1525|2242
2204|1401
2209|1955
971|2209
1317|2210
676|2326
1328|1751
2210|1100
2353|3103
1396|1758
1857|2237
1527|1798
2236|1587
2208|2263
971|829
2257|2294
1587|1849
1809|2228
1589|1705
1587|2257
2327|293
2343|1303
1798|2331
2430|1328
2563|1798
1554|1801
1536|2286
1750|1069
1805|1160
1849|1558
629|2328
2891|2328
1060|215
2353|2412
2209|1785
1798|1367
1482|2328
2791|1805
1461|2326
1805|1146
2328|307
1798|2456
1760|2328
1752|1375
302|1554
2344|1055
1551|2330
2803|2210
2343|1359
2441|1782
2327|1792
1553|2414
2340|1800
2632|2330
2221|2286
1079|2328
987|2327
2210|2210
2326|1330
2328|2406
719|2326
2208|2403
2330|1947
2006|1805
2102|1568
2344|1368
2343|1587
1373|1805
2570|2330
1482|292
1805|1268
2208|1482
1798|61
2415|1328
1063|1805
2353|1758
1798|2280
1587|1205
1947|1358
2345|2326
2330|1657
2326|1515
2343|1158
2328|2414
2406|2330
1798|985
2208|261
1136|2326
2214|1530
470|2084
2409|1503
2290|2343
2214|2348
1799|2242
2208|234
2226|1806
2588|1328
1525|2774
1100|1799
2905|2330
2739|2330
2213|1756
727|2209
2236|2354
2213|208
1783|2326
1805|2159
1798|968
2237|1355
2344|2210
2340|877
2786|2344
2294|2320
2326|730
2809|1798
2295|2208
1805|1055
255|2309
2344|1538
2558|1528
2804|3087
3171|1426
1762|2344
2328|1070
2328|971
1539|2327
1617|2208
2336|2344
2326|1331
2405|2257
427|2326
2237|1528
1777|2328
2275|2228
2330|2237
1666|2330
1805|1415
3179|1752
653|2208
1641|2328
1553|1523
429|983
727|2343
2947|2237
467|2257
1553|2309
1798|2414
2229|2209
1783|2343
2286|1023
1294|2286
1550|988
1887|1329
2210|2132
2330|563
2275|2354
254|1805
1355|2109
1784|2210
2688|2330
2204|1808
1532|2328
1666|1525
1666|1705
1033|1052
2307|2302
2280|1811
1328|369
494|2236
1534|1805
3034|2209
2209|1810
2103|2326
1396|2221
1324|2280
2209|2789
468|2132
1328|2447
753|2328
1580|1798
2214|2848
2286|1705
1067|2330
1705|1085
1558|1849
2326|2272
2319|1806
1903|2286
1805|880
1658|470
1098|2326
1526|2339
2326|522
2330|2971
2090|2341
2326|1752
1798|1517
1529|2213
2447|2317
963|2208
2090|2286
2353|1750
2280|1017
1658|1670
1805|2338
1127|1798
2452|2208
2328|1655
2238|2947
2522|1519
3153|2208
2414|2354
1724|2343
2326|1158
3011|1756
979|2257
1805|1535
1554|427
2209|2912
2209|1099
1800|1328
1328|306
2984|1705
2456|2208
2261|1782
1525|2344
52|1798
2267|2328
159|1805
1805|2909
829|2328
1151|2328
2209|42
2328|1749
3140|1798
2326|1807
2326|1536
134|1805
1887|1705
1555|1758
1568|2213
2256|2208
2326|2503
2340|293
2286|2614
2331|2236
2330|1485
2259|1798
2238|2326
2277|1805
144|144
1093|1669
2317|254
2330|1965
2638|1805
122|2209
2109|1100
1403|1799
1528|1533
1705|2347
2328|2797
2049|2326
2330|1950
2328|365
429|1328
1761|1805
2690|2280
2326|1400
1338|1670
2294|1052
1419|2326
1667|1671
268|2984
1587|1587
1364|2344
1806|2320
2330|1426
2320|2353
1016|2214
1947|2214
2933|2341
3087|1761
475|1798
2330|2414
2328|1336
834|988
1053|1705
2343|41
1626|1328
2280|2478
2097|2213
2330|653
1069|2286
2237|2432
1555|2327
1554|1705
1331|2209
2257|1173
422|477
1370|171
1523|1358
2343|1533
1799|2803
2559|215
2343|843
1969|2209
2334|1798
1750|2210
1542|2333
2344|2221
115|2208
2441|829
2327|2507
2208|1255
2343|2340
1515|1806
1778|1785
1805|3090
1535|1100
2854|1805
1705|896
2228|2263
1758|2341
306|2344
1503|2317
2570|1798
1403|2425
2130|2328
1596|2243
291|2317
2263|1658
2327|2583
2214|1359
2297|2328
2214|1353
2317|2999
2344|3179
469|2424
1324|1401
2317|2770
2912|265
2912|2666
1529|2525
1523|1557
1535|2317
1658|115
1658|831
2240|738
968|738
987|2571
2912|2804
2317|2570
1034|2748
200|2327
1328|511
1667|2330
1069|2346
2326|2240
1805|2337
2330|2243
2286|2403
2353|1671
2237|1795
1408|1758
2286|1752
1371|2263
1758|2456
2883|1532
1589|1798
2208|1955
205|1328
441|2328
2947|2270
2326|1957
2208|1968
2213|2340
2257|192
2447|2213
2208|1330
2340|1331
1096|1328
1798|1762
2204|1403
2984|2347
31|1705
416|2328
2237|1100
1808|868
2317|1639
3166|2328
3087|2328
1415|2209
2275|2277
2340|1806
1533|2328
1745|1799
472|994
306|2447
2209|1666
2209|1545
1376|2295
2645|2214
2326|2157
469|302
1678|2317
868|291
2343|1676
2192|2244
1368|2330
2326|2336
1677|1328
3120|2326
2784|2209
1370|2090
2329|2984
2328|1750
1168|1805
1805|429
1544|2326
287|2317
983|2328
2399|2343
1807|1146
2123|2208
263|2947
2286|1344
1808|2342
1798|1666
1799|1887
2343|2736
1328|2404
2326|1678
1798|1975
2208|1095
1753|1758
2353|2415
1064|2343
1805|1807
1805|2295
1205|2326
2761|2209
1805|3178
2240|2221
1526|1517
1554|2294
144|2326
2328|2109
2984|2263
1798|69
1370|1070
838|2326
2280|2032
460|2326
3171|2317
1785|2236
2208|1641
1328|1576
2213|2333
2326|1514
2237|31
1807|1705
2769|2354
2326|2805
2776|2209
1531|1554
1705|2341
529|1805
2228|2286
2326|44
1597|2208
1328|1524
1557|1805
1809|2515
1640|2330
2208|2409
1555|2344
2328|1420
2344|1554
2213|2244
2213|86
829|1100
2453|1805
1705|1101
1705|65
3124|2208
1554|2102
2328|66
2237|1809
1696|1535
2326|2257
1808|1069
1752|1810
1554|306
1671|1528
2330|2458
1334|2320
1805|2272
2208|649
1370|852
2257|2412
1798|2748
1069|1627
1805|2342
448|2330
144|2344
1185|2326
1544|2947
1758|1100
1098|1328
1705|1800
2286|1542
1805|590
2209|3080
2213|2622
1850|2208
3171|1578
2353|1753
1805|2927
2328|978
44|2299
2208|1682
1585|2328
838|1805
1482|2090
1529|1554
2286|2205
2350|2237
44|1528
1756|1777
1043|2327
1658|16
1798|1757
2222|291
1519|2090
1596|2208
1526|429
1328|2409
302|2343
1957|1554
2294|1587
2326|1003
2208|2337
1808|1554
1217|1328
1805|2334
2333|2330
1018|2090
2209|1655
2353|900
1527|2776
277|2257
2209|192
2330|1082
1670|2209
2213|971
565|2208
1578|2213
1642|2341
2409|1751
1069|2998
1587|2342
2228|2984
2818|2344
1317|1358
1503|212
2112|2326
2966|2214
1553|1100
2975|1756
1063|1328
979|1805
2904|2326
1482|1524
2328|196
2327|1760
1328|44
1800|1810
1520|2329
1328|2425
1482|1558
2326|1356
2294|2204
2326|970
2342|2803
250|964
2848|1526
2503|2208
1957|2330
1643|2326
1805|3094
1805|648
1558|2209
1808|2343
2343|2453
2409|2984
2210|830
2354|1328
3080|1705
2329|291
2330|196
2769|2776
2343|1758
2984|2464
1524|2240
1620|1524
2571|2327
1940|1798
2353|2775
1786|1061
1524|2947
318|2328
971|2784
830|988
1805|1329
2326|1310
1482|2336
2344|2270
2262|2340
1587|2280
1795|261
2326|1411
2529|2280
1535|1403
2912|969
1670|1670
2403|1328
1805|1384
850|2984
2347|1782
3160|2327
1745|2286
2213|1758
44|1328
937|2330
2236|1678
2328|2933
1408|1372
1752|2947
1523|1483
2328|2958
1328|1750
2286|590
150|2344
2272|2237
1805|2549
427|2341
1752|2320
1242|2330
2626|2209
3034|2328
2330|1639
1785|2208
2343|265
2208|1160
2210|1554
2559|1586
974|2341
1060|1853
2912|831
1554|2999
1955|1553
2908|1805
2326|2965
1403|201
2343|1887
2329|1758
899|2208
2280|3120
2412|2228
1798|2984
1033|1034
1805|1597
2342|2294
2947|2050
1625|1805
2765|2343
2330|1085
3198|2208
2257|2348
1515|2236
200|2213
2333|2354
1016|2237
1809|1727
2330|426
2438|2343
2404|1374
1699|1705
1554|3027
44|1100
2326|1300
2328|2263
2065|2236
1805|2446
2344|3087
1534|2214
2270|1503
2308|2328
1099|1805
2244|1372
3102|2326
2209|1146
1007|2208
2211|1806
1903|1554
1555|2339
2302|2330
2456|2228
2208|2930
1524|1758
1785|1785
1060|1587
1328|1642
347|1805
1758|2350
2317|2105
1528|2210
439|1805
1586|1756
1328|1782
1798|2669
1401|2967
2447|2257
2286|429
1782|2330
1328|1363
2353|1803
2415|1372
1403|1758
1760|2340
2330|1160
1798|1801
1524|1100
2947|1627
2209|1384
2346|2456
1806|2300
1389|1798
2342|1367
2492|1805
1586|1401
2208|1370
4|1759
741|2208
2340|2286
1759|1762
1850|1705
2276|1753
2237|2263
1554|2295
2329|1947
1533|291
2326|375
2286|3094
2328|2042
2286|1519
566|1756
1799|1808
1328|2243
1555|829
2280|2875
2558|1586
3087|2221
2286|1578
1100|2776
2270|2326
1082|1328
2333|1097
1531|1526
1805|1544
2208|1808
1805|76
1679|2242
1705|2398
1653|1805
611|2209
1427|2983
2967|2327
1134|2326
2209|1580
1658|3087
1526|2912
1211|1805
2328|1403
1372|1374
2818|1805
2208|1913
988|1554
2344|2507
994|2344
2280|2350
1798|3188
2343|55
2883|2776
2327|229
2208|1941
2436|2242
1587|1528
2286|2102
2326|3125
2408|2984
1534|1526
1800|2330
1762|1762
2257|1518
3008|2326
2209|1755
2328|3140
1864|2330
2638|1705
319|1798
1095|2983
2965|1426
2236|1294
2479|2213
2673|1805
2326|758
2988|1526
1554|429
1348|2327
122|1798
2344|1373
1580|2208
2327|765
1756|2409
2309|2984
2971|2327
1033|2330
2803|2280
96|2326
2330|1626
2242|2257
2209|86
174|2328
2414|1534
958|2286
1756|1752
2326|1956
1384|2327
426|1526
1710|1805
2326|1485
1627|2286
2409|2244
2453|1782
2328|1657
1658|1849
1669|1553
1800|1782
2210|1756
2330|1668
2328|3158
1580|2209
1705|2559
2204|2463
2209|986
1526|1789
1753|1372
2829|2286
2333|2327
2326|1414
1070|2257
2214|1358
2308|2237
2208|1329
1849|1762
877|2328
2441|1805
553|2343
2955|1553
2301|1028
1853|2333
2343|2980
2342|1782
2326|1477
1798|2628
3171|2263
2337|2214
2447|2290
2326|1520
1529|988
2326|1428
2343|1784
2209|1479
1705|2966
1671|2328
3087|1798
1403|61
1805|645
2228|2336
2412|2328
2347|1372
1799|2204
2106|1805
2326|2572
3034|1805
1503|1805
2327|1109
1468|2326
1758|994
1705|1808
1798|1753
1798|2276
1785|1482
2328|2106
1758|1801
160|1328
2584|1805
3160|1705
1541|2236
1526|1759
2280|2208
2317|835
1805|1588
267|1403
1036|2343
38|2330
2280|2774
728|2209
1805|1686
1553|2341
2236|1415
1146|2210
1809|2244
1376|1887
2213|853
1403|971
3177|1798
2326|1696
2330|2157
1798|66
1523|2213
2208|2680
2328|2415
2330|1068
2343|2887
1352|2257
1482|1782
2403|1558
2785|2328
2244|3159
2617|2330
2326|2499
2237|2412
3000|1805
1538|2263
1074|1074
2343|3071
1798|9
2208|2065
2775|1742
1519|2353
2571|2208
1408|1555
2209|1527
2983|2286
205|1805
2280|1705
1754|2257
962|2328
1542|2327
250|2237
1396|831
1660|2326
630|2326
2333|1667
2947|2447
2090|1940
1553|2275
2949|1328
1503|1712
2290|1712
1503|1616
2290|1616
2614|2286
2209|2988
2195|2209
1752|1805
1798|1792
1403|2947
2209|1144
2257|1792
2343|1070
2334|2984
1163|2330
1524|2983
2214|2327
2662|2257
2967|2208
2236|1529
2343|2280
1539|1553
2328|1069
1555|2336
2096|2237
2353|3036
1578|2447
470|1805
2965|2204
2326|1646
2317|590
448|1328
1550|2237
1805|2724
599|2328
2307|2210
2208|1539
1805|1681
1000|2343
2882|1401
1734|2208
1403|2257
2854|2237
834|1328
2326|592
2330|2956
2294|2341
2947|2286
1835|1798
2326|845
2328|829
1003|1524
469|3145
2911|2236
1410|2984
969|1761
3087|265
2317|777
426|261
2317|151
2204|1546
1410|2214
2882|1546
208|1328
1798|1807
1238|2326
2560|1798
1756|1525
2244|2456
2848|2214
2328|1173
239|2330
2343|1975
2786|2326
2326|2614
2326|2058
2408|2236
1684|1798
3198|2327
14|2343
1641|1328
2229|2326
200|1758
1069|2257
2280|2879
1520|1798
1943|2326
2286|2106
1411|2947
1515|2343
2317|171
1684|2326
1328|2570
2947|426
1627|1705
1398|1526
2330|1017
2330|2436
2209|2281
2257|970
1358|1403
2242|1525
363|2327
1805|277
55|1753
1640|2210
1034|2947
2765|2209
497|1805
2257|2296
2330|1762
1679|2209
1476|1805
250|1805
2297|2286
2327|2438
1808|2350
1520|2328
1028|2330
1312|2326
2353|1754
2996|2326
2608|2326
2339|2257
2208|2350
2343|1586
14|1798
1805|3036
448|2286
2330|2713
2328|2997
2280|2302
1028|2353
2326|160
1016|2327
2337|1805
1758|2208
1699|1328
2208|3165
302|291
1514|2328
1100|2347
516|1805
1539|1798
2336|1798
2340|2343
1544|1788
1805|847
2343|850
2326|1669
653|2328
2295|2327
1568|2210
2209|1064
1079|2209
1515|2286
2570|1805
2347|1798
1798|2904
1370|1705
1758|2331
1364|2208
2782|2330
1538|2327
3017|1805
2340|1773
2213|1525
2201|1798
2327|66
1401|2270
2326|1626
1554|472
2882|1526
2327|2948
2326|1667
1134|2328
1553|1520
1524|2242
2228|1705
1756|1364
1786|1805
1403|2403
1678|1798
1805|1629
1806|2214
1798|830
1805|1941
1756|2343
3167|2280
2326|2997
833|1759
1679|1798
1798|1200
475|2339
1805|347
1587|2344
1373|1374
3063|2326
3011|2330
1461|2237
1805|1781
1217|1217
1805|850
1805|2408
401|1328
448|292
1705|66
1074|2327
2328|1000
1849|1578
1800|1805
1705|1524
1758|518
3120|1753
1587|2333
1782|1328
700|2326
2209|2981
1807|2280
1100|1533
1798|1653
2280|1281
1396|1482
2409|2290
2280|829
86|1805
1805|2442
1666|1328
1052|2108
1097|2341
1503|460
2270|1401
1482|1759
2226|1328
3087|2342
2209|1336
2353|344
1805|1678
1805|1668
2213|1482
974|2326
2326|2235
73|1798
1401|1363
1805|9
2237|1777
1969|1805
2236|1799
2340|1017
2242|2456
2937|2326
870|2286
2208|851
2276|2330
2238|1526
2295|1808
1798|1034
2157|2343
1328|1610
1587|1100
1553|971
125|2208
1553|2292
1553|1507
2286|1777
2327|2621
2208|1003
2343|2331
1100|1069
1705|2403
1277|2328
2328|2557
2326|2570
2006|1798
2353|2238
1401|1535
1675|1553
2947|1757
2326|154
2844|2984
1667|2317
1805|516
2247|291
474|2286
3093|2340
2951|2328
1805|2727
2006|2208
2280|1756
2050|2330
469|2327
2665|2208
2330|2705
1754|1798
1396|1401
1699|1756
1528|1644
108|1805
2328|2836
347|2330
2348|1374
1282|2209
2330|1427
159|2209
27|1805
971|2213
2329|429
1805|1933
1659|2328
2948|2335
1798|2827
2009|2263
2330|430
1679|2343
1144|2263
2290|1587
1758|422
1519|2354
1627|2209
2688|2257
1133|1798
2212|1800
2326|849
1791|2328
2096|2208
1805|31
2328|3128
236|1805
1533|2209
2277|2326
1753|2330
1043|2326
2557|2208
2947|2492
2328|1341
2309|2336
2343|1540
2998|994
2403|2263
2776|1798
2330|483
2213|1782
2949|1805
2208|2270
2947|2449
1553|2070
1370|1627
2208|2414
1597|2209
1562|1805
2327|218
694|2208
1805|1079
1745|2214
1658|1788
468|1805
1541|2344
1100|2109
958|2257
2882|2882
2280|1517
2327|422
1805|2701
2236|1394
2209|1410
2326|2958
1533|2343
1805|327
3198|2280
2201|1756
1253|2208
1596|1785
430|2208
1482|2341
1553|1385
1317|2883
31|1782
1610|2330
526|2984
2208|1414
2286|2738
2208|1047
2257|2286
2126|2210
2226|2947
2328|1095
2140|2326
1524|1023
2326|2516
2354|1525
1033|1328
2341|2330
2204|2333
2769|2210
1526|2106
1043|1798
2259|2328
1095|1527
1069|1799
1756|2184
2328|448
2388|1805
294|2330
1834|2236
3174|2326
1670|1667
1758|1805
1798|2049
2096|2326
1805|920
1552|1526
1808|2327
2344|2656
1364|2294
2208|285
476|2330
2409|1403
1806|1158
1324|3145
2340|2353
2330|920
2328|2240
2558|2330
1805|3177
1555|2317
3143|2330
2327|2449
70|2330
2240|1805
1805|2003
1671|1805
1801|2343
2412|1658
2327|385
2257|2263
2563|1328
1805|2639
2236|1555
2947|2367
1268|1805
2412|1798
2238|2320
1554|61
1782|2317
2998|2326
1805|838
2256|2214
255|2243
2809|2330
2327|514
2327|592
1625|2208
2214|2408
1659|2330
3179|2326
2343|1658
1798|2815
2247|2353
2077|1483
90|1553
2106|2237
161|1328
2888|2236
1915|1915
2330|1097
852|1553
2803|1798
2408|1528
1933|2330
261|2330
2103|2330
1756|2213
1396|2242
2328|1935
829|2237
2343|3
2327|9
2522|2353
539|1798
2208|2574
1095|1805
2326|1402
2161|1805
2349|1805
2340|962
2447|1759
1587|1752
2353|3159
2257|1366
2307|1526
1805|2790
2330|1170
1503|868
2290|868
1887|2343
1528|1032
1403|2415
1742|1742
1705|2583
31|1759
1798|2272
1370|2447
2209|1329
1805|1806
323|1328
2887|2213
2328|2966
3022|2330
2636|2326
1545|1553
2407|2326
1141|1798
2665|2326
2327|2406
1526|306
1756|3145
1095|1526
1557|1535
1627|1524
2790|2326
1805|2722
1849|1756
2327|1011
2327|2666
1586|1553
2340|560
1756|2350
2307|2354
1658|2353
994|302
1317|292
2340|2157
1758|2320
1652|1328
2213|1752
151|1798
1798|2529
2330|107
2257|1676
171|1752
2326|2270
2326|2952
1677|2326
1756|1360
3159|1759
2447|2302
2257|154
1016|1553
1653|1554
2280|1331
2340|1754
2960|1798
2330|960
2336|1752
1483|1328
971|291
2275|1955
427|427
1545|1805
2353|2215
151|2984
1396|2275
630|2237
2204|1799
2442|1782
2237|369
2328|2748
1658|1555
2947|593
1095|2353
403|2328
2208|151
1642|2286
1016|2286
1626|1403
1638|2525
1535|467
1523|1516
2317|1749
2290|1578
1627|1761
2326|2302
1798|1676
2326|95
1554|1532
1401|2280
1003|1403
1849|2342
1403|2984
2213|2707
1798|20
1553|1799
1081|1805
2320|2257
2330|1523
2209|2948
1798|1527
654|2328
2330|599
1553|974
1785|2317
2587|1328
2136|2326
2541|2209
727|2330
1638|2326
2257|2685
1231|2209
2208|2955
1730|1756
2326|1390
2418|2984
2213|590
1809|2280
1348|2208
2228|1671
1542|2330
1146|2328
2966|2353
1547|2208
2208|2339
66|2209
2626|1798
1553|987
2208|2937
1998|291
2340|1752
2326|2727
2333|1627
2214|1777
2090|1586
1798|518
1853|1060
1620|2343
1798|2449
2257|1377
1799|2622
1806|3159
2727|1798
427|1482
2330|2807
1627|470
1798|2538
2214|2782
2330|1377
2209|1461
2257|2790
2263|962
2330|2865
2344|1881
2852|2328
2382|2208
3145|2328
3053|2326
41|2330
40|2326
1636|1616
1328|2737
1805|2936
268|2326
2947|2228
1100|1778
1100|1597
2335|2330
1798|2404
1783|1328
1798|1671
2326|2875
2319|2209
2237|1374
1557|2309
1598|1705
2341|1100
1705|2278
1370|2091
1798|1053
1705|2333
2534|1805
1401|1100
2328|2195
1554|2112
436|2209
2984|2948
869|2257
2353|2210
2438|2328
2965|2344
1364|1328
1568|2412
2947|1069
2947|1281
2441|1374
2237|2776
2286|3132
2774|1538
2330|1415
1000|2326
238|2209
208|2330
1658|1759
2765|2330
3017|2330
1757|2327
2205|2290
2317|1477
2237|1859
1696|830
1396|968
2328|1534
1531|2328
2785|2343
1553|2065
2209|776
1338|1805
1798|2868
2761|1805
2983|2213
2330|696
2214|1294
1263|2208
1805|561
2327|1778
2403|2333
1515|1756
2204|1587
1782|1752
1358|110
2295|2236
2340|1303
1034|1328
2208|827
2109|1533
2353|323
2342|1753
1003|2221
1003|1023
1003|985
1003|1523
2222|830
1003|2275
470|1344
2882|2891
472|2891
1696|2730
1396|522
2222|1344
470|2999
1660|1799
1003|522
2882|1344
1396|987
2882|987
2290|1328
2786|2330
2298|2270
2236|1524
1705|2517
2344|2275
1202|1805
1477|2237
1808|971
600|2328
1558|681
1636|1805
1028|971
2286|1616
1783|2328
1052|1578
987|2221
2123|2326
2247|2286
1503|1798
1479|2330
2330|1367
1328|1370
2414|1554
2309|2354
1554|365
1554|1527
2353|2492
1483|2237
1805|484
2327|917
1809|2336
1762|2209
2883|1805
1955|2330
2242|1578
2343|505
1886|2403
1784|1798
62|1782
1328|350
2280|1540
1756|2263
469|2213
73|2328
1799|1752
1669|2257
2538|2326
144|1798
2343|2276
2330|2345
2214|1219
1074|2208
550|2343
2436|1587
1809|1610
1630|2326
2346|1782
87|2280
145|2213
2789|1805
1517|2328
2353|1777
2963|2286
1033|2325
2820|2330
1528|2102
1328|292
2213|1642
2512|2208
601|1805
1034|104
1175|2208
2277|2257
2984|3177
1805|2885
2213|2988
1805|2308
1759|1374
1758|1401
2360|1798
1798|293
291|1426
2707|509
1028|1798
2330|2205
2226|2208
2327|1940
2353|2409
1800|2346
2353|1365
1933|2208
474|1661
474|1669
2257|1915
1759|1360
2330|543
2327|3177
2208|2515
1205|1328
2688|2326
1887|1586
2237|2891
2317|1484
1752|2208
2077|2209
1931|2327
2270|1705
2774|2774
645|2208
62|2447
1578|2210
2263|1586
2084|1328
2210|1415
1758|2049
1056|2330
2208|2229
2214|306
1759|1524
2327|1403
1853|2257
1069|2404
2937|1805
1069|2320
191|2330
1190|2340
852|2354
1522|1805
888|2330
1328|2403
1805|2930
2330|1779
2326|1751
2026|2330
2238|1805
1786|1798
2243|31
1328|1969
2253|1798
470|1524
2209|1639
1849|1658
1677|2209
2178|1798
2947|1658
1808|2242
2326|152
2650|2208
1653|2328
31|2328
1131|2326
1328|2261
2208|2412
2328|1402
1370|2275
653|2344
2195|1328
2776|448
1671|593
2214|2320
1545|1568
2209|1753
1515|2210
2210|881
1415|2213
2208|2970
2275|2237
2243|1756
1785|2257
1518|2326
1805|2096
2317|448
2882|2344
2226|2213
1752|1801
2340|1371
3034|2208
2277|1782
3027|2213
1334|1799
1798|2318
2447|1097
2388|2326
2722|2286
1576|2286
2410|2209
758|2333
240|2328
475|2257
1328|1388
1403|1010
1758|1109
2397|2328
2557|1705
2228|2294
2208|852
426|1554
1627|2317
878|2210
2989|2336
1705|1760
2326|1644
1805|2766
496|1940
1785|2344
2988|2330
2026|1805
2343|2341
958|2330
1358|2770
1544|1482
983|1525
2327|2875
2236|2736
2341|139
2275|1373
1667|2343
2214|645
2327|2277
1553|2966
1805|1504
3093|2326
2327|2278
1805|1324
122|2333
2214|365
1328|2777
688|2326
1785|2327
1067|2326
1783|2947
1596|2263
1529|2342
1644|2947
1805|2335
1587|2336
2743|2327
2270|2330
1752|2351
1100|1667
834|2208
2157|1805
2228|1372
2342|2237
2511|2327
145|2294
1534|1328
2327|2559
1403|1555
1074|1798
1370|2413
2209|1956
1370|920
1798|2715
2309|1538
870|1482
1099|2208
1762|1759
2335|2326
2333|477
1370|2449
104|2326
2208|711
1364|1528
1405|1328
1202|1328
830|2330
1684|1684
2237|2999
2353|2127
1578|2343
441|1805
1752|3159
5|2326
1568|1329
2238|1568
2947|1586
1568|2343
1785|2343
2236|1667
1798|565
1295|2326
2344|2557
1756|2242
2408|2209
1095|2214
2209|44
2948|2263
2341|1798
2277|971
1100|2983
2237|1535
2341|426
1517|1568
9|2257
1640|1553
1607|2343
2340|232
1805|2413
2947|1553
2755|2340
2338|2353
2353|1408
1100|2280
2235|2326
2208|776
475|2782
1700|2330
2617|2257
2209|2967
2236|1803
1370|1515
1426|1805
1849|2327
1069|1752
1553|2340
1554|1540
1756|1403
1642|1628
2328|125
2263|2997
2298|1401
2241|1798
1785|1329
3027|1798
1783|2257
1554|1696
1482|2988
1526|1968
1328|2270
2965|2242
2020|2330
1328|1218
1805|1414
1408|1482
2947|1886
2447|1555
2781|2209
2747|2209
2770|2344
2209|1055
1550|2236
1263|2330
2984|3145
2326|1061
1805|2494
1317|1805
2346|1751
1803|2257
1753|2257
2328|1724
1805|2050
2328|2019
1931|2243
2330|2335
1752|1627
918|2209
294|2984
2208|1552
475|830
1955|1798
2237|470
1578|2290
2326|2887
2344|2719
171|2330
1392|2326
1805|107
900|2328
1550|1554
2354|2286
1696|1523
2330|347
1931|2209
2769|1568
2326|2154
2326|2349
2290|2330
3193|2326
2408|2294
1540|1798
2214|2341
1751|1752
2353|1535
2645|2209
1900|2326
3189|1328
1617|2326
2209|2010
1587|2213
1328|3140
2947|777
1500|1798
2330|1060
2342|110
2340|2352
2326|1968
2646|2330
1679|2327
168|1805
2204|1758
2330|1941
2774|2784
2336|2050
2328|1731
2344|1374
1553|1758
2280|2336
1403|1545
1546|971
144|1805
2405|1782
834|2353
1095|2327
2326|1543
1808|1970
1812|2330
552|1798
2344|2238
1586|2236
2209|1579
1641|2208
377|2343
1798|529
2209|2622
1408|2326
2072|1328
2909|2330
1053|2208
2456|2343
1808|1808
1805|1779
2330|1810
1805|2065
189|2208
2327|3087
1671|2317
320|1661
1546|994
1789|2214
1328|1658
2236|2478
1617|2327
3147|2328
1705|2257
3196|2208
2348|2280
2235|2330
1737|2344
1579|1798
2353|2875
1638|2236
2911|1328
1798|3192
1553|1540
255|852
1812|2326
2326|2515
519|1805
2208|3114
572|1782
2328|713
1524|1538
2330|3159
1805|3192
2308|2236
2431|2409
2343|2348
1411|2286
1779|2327
1798|196
2208|760
1808|263
2237|2525
1538|1553
2329|2343
3145|1371
2330|2551
2326|599
1724|1328
2090|2209
1328|1217
2243|2214
1987|2326
1158|1705
968|2333
1032|1798
1752|2971
1328|1532
2883|2883
2523|2297
725|1808
1328|2412
2736|2257
593|829
1043|1756
1805|1758
2209|1016
1554|1539
470|1526
2210|2209
2109|2774
1503|2341
1401|1799
1523|1334
2204|1886
2101|467
2204|2783
1392|292
1553|1339
2611|1788
1524|2775
430|1535
1705|2824
1528|1544
2784|1555
2330|1482
1141|1805
3000|2328
1666|1666
1754|2409
1533|2774
1555|1339
1042|2328
2326|3106
1484|1328
1798|915
817|1553
1376|2341
887|1798
1370|1752
2257|1526
2327|1352
263|2286
1798|2622
2208|802
2326|1218
2774|427
2209|1643
3143|2328
2449|1578
3096|1758
2522|2776
2523|2344
3158|1805
1085|2328
1312|2209
1998|1554
628|2208
1097|1069
1312|1805
1957|2326
2102|2070
1392|2328
197|2336
1534|2328
1687|1636
1687|1687
1522|2328
2286|1538
1358|2412
1699|2326
925|2326
2214|2354
2408|1328
302|1526
1777|2344
2330|2404
2297|2326
2238|2236
2328|2398
2327|2784
2327|2295
2209|147
2330|295
2213|1331
1028|2342
2338|2336
1553|1377
1671|2947
3027|2328
2326|2548
2389|2326
2326|2447
456|1553
2213|2237
1752|1515
141|2257
2077|1805
2295|2983
2143|1798
1428|1805
2330|1698
2327|1762
151|2237
2555|2326
2404|2347
877|2208
2208|40
1805|1144
1389|2328
1003|2208
1886|2948
1517|1100
1420|1798
2049|2209
1586|1358
1097|2286
2326|69
1798|2106
1557|2213
2286|2734
1739|2208
1401|2342
1806|2236
1808|2228
1358|3088
2984|2984
2308|1528
1805|2666
2326|1723
2328|1685
2419|2326
2257|3101
2660|2327
2213|728
2280|1753
2930|2326
1568|2299
2286|2722
3068|2328
1809|1384
1805|2741
2999|2984
429|1568
531|2327
2328|2340
2208|2299
2299|1525
1805|2937
2210|2343
1426|1553
2328|2366
1785|2213
2109|2328
2326|2797
2209|2707
1805|2445
1328|2405
1389|1805
2947|2984
1461|2208
1538|3087
988|987
988|968
2237|2257
2286|2848
1666|2776
2326|1427
2258|2209
2955|2208
2328|940
1753|2326
454|1805
2730|2326
2214|1408
1798|2408
1670|2341
2328|2705
2330|9
2243|2403
1798|2902
215|1805
2326|1562
147|2326
2326|1054
2208|1602
1528|291
3087|2912
2241|2326
1742|2209
2403|1373
2208|2142
2895|2330
1328|1398
787|1805
1587|1052
2343|1529
1750|2947
738|2208
2343|2336
2327|1784
2326|491
225|2208
2328|2313
1427|2326
477|776
2330|1778
2351|2328
122|2327
1500|2336
2326|1335
2327|2912
1247|2326
2208|2740
147|2343
2709|2326
2209|2669
165|2326
3120|1782
2785|2209
3103|1328
2209|1968
2237|302
485|1798
16|2984
2887|2984
726|2208
2090|1303
1370|2192
2257|1740
2567|2237
1705|1849
2353|1100
2328|2948
1328|2334
2224|2327
1798|3088
291|2947
2328|491
200|1751
2228|2208
2328|2508
3088|2208
1855|1328
2783|2328
1529|2237
2280|1366
2998|2286
2242|1752
2887|1751
2213|3148
1805|573
2328|2277
2354|2208
2313|2213
3172|2213
2328|3157
1328|1784
2208|169
2327|2161
2326|185
1372|2237
242|2330
1328|994
1675|1328
2263|2588
291|2342
2984|2238
1853|1586
1328|2229
2257|1358
2228|2302
2328|3075
2984|2328
2228|2326
2328|223
55|2343
1798|1886
254|2330
1367|1367
1798|1431
1785|2447
1678|2947
2280|2398
986|2343
2330|131
2209|1677
1554|1762
1658|3088
1658|987
1805|2423
1758|2257
2326|1625
888|2326
2591|1328
1761|2286
2326|1236
1784|2208
1705|1520
1798|1173
1696|2340
1525|2354
2214|770
2221|2328
1798|87
2214|2295
1749|2280
2342|2413
2904|1759
2452|2330
1236|1798
2242|2736
1003|2328
968|2984
2409|2263
1268|2237
1875|2326
1396|2214
590|1554
2286|1536
2330|1067
2569|2328
1955|1554
1072|1798
1849|1328
1805|86
2237|1402
1403|1538
2326|2685
2971|2208
1799|1798
2326|2784
2328|590
719|1805
200|1806
1805|2931
2532|2326
1554|3140
1541|1403
144|1554
2209|448
2330|2790
1786|2208
1805|2965
1517|50
1268|1568
152|1798
2210|1356
470|1533
2214|1525
1401|1401
1093|2343
2545|2326
2948|2200
1805|1533
3160|2286
1529|2280
2330|2736
1093|1705
1236|1805
2948|850
1805|1676
2275|2209
1554|1658
2208|1112
2328|2412
2409|2354
2326|309
2326|196
1102|2209
552|1805
2209|549
2257|2329
1372|2326
1748|2326
2688|1798
2330|372
2343|1670
741|2326
762|1887
2278|1805
1516|1328
1523|2403
2326|1079
2447|2208
2965|2050
1805|1636
2275|2331
1411|1554
1068|2330
1669|1668
2463|2330
2346|2343
2076|1328
448|2208
2344|2342
1798|1535
572|1805
2340|1627
2933|2209
1751|1782
1428|2286
1596|2333
2983|2204
2208|1626
2286|1373
2978|1798
2277|1800
306|2983
1778|2328
1705|1751
430|1568
3156|2208
2090|1750
2242|1482
1687|1554
2208|41
753|2947
2947|2352
277|1805
1370|2333
2238|448
1503|1328
2221|1759
1032|2325
1265|1553
1749|1638
1574|2237
2558|1849
1461|1534
1003|988
1524|1546
2441|2228
1132|2330
1738|2209
2208|2272
2209|1560
942|1798
1751|2327
753|1798
730|1805
2336|3145
2257|1360
2690|1328
2213|1028
2541|1805
1798|1662
3017|2343
2101|2257
1752|1587
2317|1540
2353|1133
2790|1805
1639|1403
2947|1804
2353|2049
2326|958
829|2432
847|1805
2208|2967
2330|851
1805|223
2213|2194
2382|1805
1798|2174
1805|929
2317|1097
1798|2065
2327|1807
2208|1119
594|2344
3092|1798
1069|2890
1520|2330
1060|2748
868|2209
1557|2326
2237|2456
1886|2329
8|1328
2208|868
981|994
2222|2221
1745|291
2247|971
2882|830
1696|2221
2123|1798
2280|2456
1798|2281
2966|1587
2769|2280
1943|2208
1528|1799
2205|2205
2110|1553
3171|1782
1263|2209
788|2326
1805|2732
1524|2408
3131|1799
2209|989
1553|968
1947|1526
2638|2326
434|1328
1798|3101
1541|1553
2466|2208
1028|2257
1283|2326
2208|3196
474|1524
2912|2085
1396|2085
1403|830
1931|2214
250|2257
1887|1658
2346|1752
2327|1205
2214|2965
2327|1426
1798|2340
1805|2072
2741|1799
2263|511
2209|1667
2354|2214
1328|1849
3196|3196
1497|2328
2238|2263
